[48;2;0;0;0m                                                                                                                                                                                                                                                                                                            [0m
[39;48;2;0;0;0m                                                                                                                                                                                                                                                                                                            [0m
[39;48;2;0;0;0m                                                                                                                                                                                                                                                                                                            [0m
[39;48;2;0;0;0m                                                                                                                                                                                                                                                                                                            [0m
[39;48;2;0;0;0m                                                                                                                                                                                                                                                                                                            [0m
[39;48;2;0;0;0m                                                                                                                                                                                                                                                                                                            [0m
[39;48;2;0;0;0m                                                                                                                                                                                                                                                                                                            [0m
[39;48;2;0;0;0m                                                                                                                                                                                                                                                                                                            [0m
[39;48;2;0;0;0m                                                                                                                                                                                                                                                                                                            [0m
[39;48;2;0;0;0m                                                                                                                                                                                                                                                                                                            [0m
[39;48;2;0;0;0m                            [38;2;1;0;2m▄[38;2;1;0;4m▄[38;2;1;0;3m▄▄▄▄[38;2;1;0;4m▄[38;2;1;0;2m▄▄▄▄▄▄▄▄▄▄▄▄▄▄▄▄▄▄▄▄▄▄▄▄▄▄▄▄▄▄▄▄▄▄▄▄▄▄▄▄▄▄▄▄▄▄▄▄▄▄▄▄▄▄▄▄▄▄▄▄▄▄▄▄ [38;2;0;0;1m▄[38;2;0;0;2m▄▄▄▄▄                                                                                                                                                                                                  [0m
[39;48;2;0;0;0m                            [48;2;1;0;0m [38;2;1;0;0;48;2;1;0;1m▄▄▄▄▄[48;2;1;0;2m▄[48;2;1;0;0m                                                                [48;2;0;0;0m                                                                                                                                                                                                         [0m
[39;48;2;0;0;0m                          [38;2;3;3;3m▄[38;2;0;0;0;48;2;1;1;1m▄[38;2;0;0;1;48;2;0;0;0m▄[38;2;2;2;5;48;2;1;1;1m▄[38;2;2;2;4;48;2;0;0;0m▄[38;2;1;1;3m▄[38;2;0;0;2m▄▄[38;2;0;0;3m▄▄▄▄▄▄▄▄▄▄▄▄▄▄▄▄▄▄▄▄▄▄▄▄▄▄▄▄▄▄▄▄▄▄▄▄▄▄▄▄▄▄▄▄▄▄▄▄▄▄▄▄▄▄▄▄▄▄▄▄▄▄▄▄▄▄▄▄[38;2;6;6;7;48;2;1;1;0m▄[38;2;1;1;2;48;2;0;1;0m▄[38;2;1;2;0;48;2;2;3;1m▄[38;2;3;3;3;48;2;0;1;0m▄[48;2;0;0;0m                                                                                                                                                                                                  [0m
[39;48;2;0;0;0m                         [38;2;1;1;1;48;2;2;2;2m▄[38;2;1;1;2;48;2;3;3;3m▄[38;2;44;44;45;48;2;0;0;0m▄[38;2;56;56;66;48;2;1;1;6m▄[38;2;56;55;69;48;2;44;44;52m▄[38;2;57;56;69;48;2;60;60;68m▄[38;2;58;57;70;48;2;50;50;58m▄[48;2;54;54;62m▄▄[38;2;58;57;71m▄[48;2;54;54;64m▄[38;2;58;57;72m▄▄▄[38;2;58;57;71m▄[38;2;58;57;72m▄▄[38;2;58;57;73m▄▄[38;2;58;57;72m▄▄[38;2;58;57;71m▄▄[38;2;58;57;72m▄▄[38;2;58;57;73m▄[38;2;58;57;72m▄▄▄[38;2;58;57;71m▄[38;2;58;57;72m▄▄[38;2;58;57;73m▄▄[38;2;58;57;72m▄▄[38;2;58;57;71m▄▄[38;2;58;57;72m▄▄[38;2;58;57;73m▄[38;2;58;57;72m▄▄▄[38;2;58;57;71m▄[38;2;58;57;72m▄▄[38;2;58;57;73m▄▄[38;2;58;57;72m▄▄[38;2;58;57;71m▄▄[38;2;58;57;72m▄▄[38;2;58;57;73m▄[38;2;58;57;72m▄▄▄[38;2;58;57;71m▄[38;2;58;57;72m▄▄[38;2;58;57;73m▄▄[38;2;58;57;72m▄▄[38;2;58;57;71m▄▄[38;2;58;57;72m▄▄[38;2;58;57;73m▄[38;2;58;57;72m▄▄▄[38;2;59;57;71;48;2;55;53;64m▄▄▄[38;2;62;60;73;48;2;55;54;62m▄[38;2;59;57;68;48;2;1;0;5m▄[38;2;56;55;63;48;2;6;5;10m▄[38;2;8;8;14;48;2;2;1;4m▄[48;2;0;0;0m                                                                                                                                                                                                  [0m
[39;48;2;0;0;0m                     [48;2;1;0;2m [48;2;1;0;0m [48;2;0;0;0m  [38;2;0;0;3;48;2;1;1;4m▄[38;2;38;38;47;48;2;15;15;23m▄[38;2;57;56;72;48;2;62;61;75m▄[48;2;58;57;71m                                                                          [38;2;62;61;75;48;2;56;55;69m▄[38;2;55;54;68;48;2;58;57;71m▄[38;2;56;55;69;48;2;61;61;74m▄[38;2;58;58;69;48;2;37;36;47m▄[48;2;0;0;0m                                                                                                                                                                                                  [0m
[39;48;2;0;0;0m                     [48;2;1;0;2m [48;2;1;0;0m [48;2;0;0;0m  [38;2;1;1;4;48;2;3;3;6m▄[38;2;35;35;43;48;2;31;31;40m▄[38;2;61;60;75;48;2;59;58;73m▄[48;2;58;57;71m                                                                          [38;2;59;58;72;48;2;55;54;68m▄[38;2;56;55;69;48;2;61;60;74m▄[38;2;61;60;74;48;2;56;55;69m▄[38;2;58;58;70;48;2;60;59;71m▄[38;2;1;1;1;48;2;0;0;0m▄▄▄                                                                                                                                                                                               [0m
[39;48;2;0;0;0m                     [48;2;1;0;2m [48;2;1;0;0m [48;2;0;0;0m  [38;2;5;5;8;48;2;1;1;3m▄[38;2;36;36;45;48;2;33;33;42m▄[38;2;60;59;74;48;2;59;58;73m▄[48;2;58;57;71m                                                                             [48;2;58;58;69m [38;2;1;1;1;48;2;1;0;1m▄[38;2;0;0;0;48;2;3;3;3m▄[38;2;1;1;1;48;2;2;2;2m▄[48;2;0;0;0m                                                                                                                                                                                               [0m
[39;48;2;0;0;0m       [38;2;1;2;0m▄[38;2;2;2;4m▄[38;2;0;0;6m▄[38;2;25;24;36;48;2;0;0;1m▄[38;2;45;45;57m▄[38;2;61;61;72m▄[38;2;57;57;66;48;2;0;0;0m▄[38;2;58;58;69;48;2;0;0;1m▄▄▄▄▄▄▄[48;2;1;0;2m▄[38;2;58;57;69;48;2;1;0;1m▄[38;2;58;58;69;48;2;0;0;0m▄▄[38;2;58;58;70;48;2;14;14;17m▄[38;2;58;57;71;48;2;61;61;70m▄[48;2;54;53;68m▄[48;2;58;57;71m                                                                             [48;2;58;58;69m▄[38;2;58;58;70;48;2;17;17;18m▄[38;2;58;58;69;48;2;2;2;3m▄[48;2;0;0;1m▄[48;2;2;2;2m▄[48;2;0;0;1m▄▄▄▄▄▄▄▄▄▄[38;2;56;56;68m▄[38;2;25;25;35;48;2;0;0;0m▄[38;2;3;3;10m▄[38;2;1;1;5m▄[38;2;0;0;1m▄                                                                                                                                          [38;2;1;1;0m▄ [38;2;1;1;1m▄[38;2;1;1;3m▄[38;2;3;3;5m▄[38;2;1;1;4m▄[38;2;0;0;4m▄[38;2;18;18;23m▄[38;2;27;27;33m▄[38;2;27;28;34m▄[38;2;26;26;34m▄[38;2;27;27;37;48;2;0;0;1m▄[38;2;3;3;7;48;2;0;0;0m▄[38;2;2;1;4m▄[38;2;1;0;4m▄[38;2;1;1;5m▄[38;2;3;3;5m▄[38;2;1;1;0m▄[38;2;4;4;3m▄                  [0m
[39;48;2;0;0;0m       [38;2;0;0;0;48;2;3;3;2m▄[38;2;1;1;5;48;2;3;3;5m▄[38;2;51;50;58;48;2;44;43;51m▄[38;2;56;55;68;48;2;58;56;69m▄[38;2;56;55;69;48;2;57;56;70m▄[48;2;60;60;72m▄[38;2;59;59;71;48;2;57;57;67m▄[48;2;58;57;71m                                                                                                          [38;2;68;67;81;48;2;60;59;73m▄[38;2;70;70;82;48;2;56;56;68m▄[38;2;58;58;68;48;2;59;59;67m▄[38;2;29;29;34;48;2;0;0;5m▄[48;2;0;0;2m [48;2;0;0;0m [48;2;0;1;0m [48;2;0;0;0m                                                                                                                                      [38;2;2;2;0m▄[38;2;0;0;0;48;2;1;1;0m▄[48;2;0;0;0m [38;2;9;9;11;48;2;1;1;1m▄[38;2;57;56;62;48;2;1;1;3m▄[38;2;57;56;64;48;2;2;1;6m▄[38;2;11;11;18;48;2;50;49;55m▄[38;2;58;58;66;48;2;64;65;70m▄[38;2;34;34;42;48;2;43;44;49m▄[38;2;37;37;45;48;2;15;16;21m▄[38;2;67;67;75;48;2;14;14;22m▄[38;2;46;47;52;48;2;16;16;24m▄[38;2;56;57;62;48;2;17;17;24m▄[38;2;53;54;59;48;2;16;16;23m▄[38;2;0;0;5;48;2;18;17;23m▄[38;2;55;54;60;48;2;64;63;68m▄[38;2;3;2;8;48;2;43;42;47m▄[38;2;59;58;63;48;2;11;11;15m▄[38;2;57;56;61;48;2;7;6;10m▄[38;2;2;2;6;48;2;1;1;2m▄[38;2;3;2;7;48;2;5;5;6m▄[38;2;0;0;2;48;2;0;0;0m▄                 [0m
[39;48;2;0;0;0m       [38;2;0;0;0;48;2;1;1;1m▄[38;2;1;0;4;48;2;0;0;4m▄[38;2;60;58;69;48;2;59;57;68m▄[38;2;59;57;72;48;2;60;59;73m▄[38;2;58;57;73;48;2;56;55;71m▄[48;2;58;57;71m [38;2;58;57;71;48;2;59;59;71m▄[48;2;58;57;71m                                                                                                          [38;2;58;57;73;48;2;59;58;72m▄[38;2;58;57;71m▄[38;2;58;58;68;48;2;59;59;69m▄[38;2;33;33;40;48;2;35;36;41m▄[48;2;0;0;3m [48;2;0;0;0m                                                                                                                                     [38;2;1;1;2m▄[38;2;3;3;6;48;2;0;0;1m▄[38;2;0;0;3;48;2;2;2;3m▄[38;2;9;8;13;48;2;0;0;1m▄[38;2;48;47;53;48;2;0;0;3m▄[38;2;34;33;39;48;2;24;23;26m▄[38;2;36;36;41;48;2;70;69;74m▄[38;2;19;19;24;48;2;32;31;38m▄[38;2;3;3;8;48;2;32;31;39m▄[38;2;1;1;7;48;2;9;9;18m▄[38;2;59;60;66;48;2;18;18;28m▄[38;2;61;62;68;48;2;17;17;26m▄[38;2;44;44;50;48;2;4;4;11m▄[38;2;0;0;5;48;2;38;38;45m▄[38;2;35;36;40;48;2;3;4;8m▄[38;2;1;1;4;48;2;0;0;4m▄[38;2;26;27;30;48;2;1;1;4m▄[38;2;61;60;66;48;2;18;17;23m▄[38;2;57;56;62;48;2;20;20;26m▄[38;2;18;18;21;48;2;9;9;13m▄[38;2;1;1;2;48;2;32;32;36m▄[38;2;4;4;7;48;2;23;22;27m▄[38;2;28;27;33;48;2;60;59;66m▄[38;2;45;44;54;48;2;38;37;45m▄[38;2;60;59;65;48;2;4;3;8m▄[38;2;29;28;33;48;2;0;0;3m▄[38;2;2;2;5;48;2;1;1;3m▄[38;2;2;2;4;48;2;0;0;2m▄[38;2;0;0;2;48;2;0;0;1m▄[48;2;0;0;0m             [0m
[39;48;2;0;0;0m        [38;2;1;0;5;48;2;1;0;6m▄[48;2;60;58;69m [48;2;59;57;72m [48;2;58;57;75m [48;2;58;57;73m [48;2;58;57;71m                                                                                                           [48;2;58;57;73m [48;2;58;57;71m [48;2;58;58;70m [48;2;33;33;40m [48;2;0;0;4m [48;2;0;0;0m                                                                                                                                    [38;2;0;0;0;48;2;1;1;1m▄[38;2;3;3;6;48;2;1;0;3m▄[38;2;2;1;7;48;2;1;1;6m▄[38;2;63;62;68;48;2;9;8;14m▄[38;2;34;32;44;48;2;56;55;64m▄[38;2;33;32;43;48;2;38;37;46m▄[38;2;19;18;25;48;2;1;0;8m▄[38;2;0;0;4;48;2;14;13;19m▄[38;2;1;1;3;48;2;4;4;7m▄[38;2;3;3;2;48;2;2;2;2m▄[38;2;1;2;1;48;2;0;0;1m▄[38;2;2;3;3;48;2;5;6;10m▄[38;2;13;14;16;48;2;30;31;35m▄[38;2;58;59;61;48;2;56;57;61m▄[38;2;2;3;6;48;2;7;8;12m▄[38;2;4;4;9;48;2;54;55;60m▄[38;2;2;2;8;48;2;9;9;14m▄[38;2;49;49;56;48;2;51;52;57m▄[38;2;10;10;15;48;2;58;58;63m▄[38;2;5;5;6;48;2;7;7;11m▄[38;2;6;6;5;48;2;1;1;2m▄[38;2;0;1;0;48;2;1;1;1m▄[38;2;1;1;1;48;2;9;9;9m▄[38;2;19;19;22;48;2;53;52;58m▄[38;2;31;30;39;48;2;1;1;9m▄[38;2;0;0;7;48;2;7;6;14m▄[38;2;6;6;11;48;2;58;57;63m▄[38;2;57;56;62;48;2;37;37;42m▄[38;2;27;26;31;48;2;2;1;5m▄[48;2;0;0;2m [48;2;0;0;0m             [0m
[39;48;2;0;0;0m        [48;2;1;0;4m [48;2;60;58;69m [48;2;59;57;72m [48;2;58;57;73m [38;2;58;57;71;48;2;58;57;72m▄[38;2;58;58;70;48;2;58;57;71m▄                                                                                                          ▄[48;2;58;57;73m  [48;2;33;33;41m [48;2;0;0;1m [48;2;0;0;0m [48;2;0;0;2m [48;2;0;0;0m                                                                                                                               [38;2;4;5;7;48;2;2;3;4m▄[38;2;4;5;5;48;2;5;7;6m▄[38;2;1;2;1;48;2;2;4;1m▄[38;2;0;1;0;48;2;0;2;0m▄[38;2;5;6;8;48;2;2;3;3m▄[38;2;57;58;63;48;2;41;42;47m▄[38;2;16;16;25;48;2;64;64;71m▄[38;2;60;59;67;48;2;31;30;38m▄[38;2;41;40;48;48;2;42;41;48m▄[38;2;44;44;49;48;2;17;16;22m▄[38;2;46;46;50;48;2;2;2;6m▄[38;2;27;26;30;48;2;1;1;3m▄[38;2;0;0;2;48;2;1;1;1m▄[38;2;2;2;2;48;2;0;0;0m▄[38;2;0;0;3m▄[38;2;0;0;4m▄▄▄[38;2;1;1;5;48;2;60;60;60m▄[38;2;3;3;7;48;2;20;20;20m▄[38;2;2;1;6;48;2;2;2;2m▄[38;2;1;1;5;48;2;1;1;0m▄[38;2;1;0;3m▄[38;2;1;1;4;48;2;2;3;1m▄[38;2;1;0;5;48;2;1;1;1m▄[38;2;49;48;53m▄[38;2;44;43;48;48;2;19;19;19m▄[38;2;39;38;45;48;2;2;2;4m▄[38;2;44;43;51;48;2;1;2;6m▄[38;2;44;44;52;48;2;2;3;8m▄[38;2;30;30;37;48;2;43;44;48m▄[38;2;60;61;65;48;2;57;58;62m▄[38;2;12;13;15;48;2;0;0;2m▄[38;2;0;1;2;48;2;0;1;0m▄[38;2;0;2;1;48;2;2;3;1m▄[38;2;4;4;4;48;2;5;5;5m▄[38;2;6;6;6;48;2;2;2;2m▄[38;2;1;1;1;48;2;0;0;0m▄[48;2;3;3;3m [48;2;0;0;0m       [0m
[39;48;2;0;0;0m        [48;2;1;0;4m [48;2;60;58;69m [48;2;59;57;72m [48;2;58;57;73m [48;2;58;57;71m [48;2;58;58;70m [48;2;58;57;71m                                                                                                          [48;2;58;58;70m [48;2;58;57;73m  [48;2;33;33;41m [48;2;0;0;1m [48;2;0;0;0m [48;2;0;0;2m [48;2;0;0;0m                                                                                                                               [38;2;1;2;6;48;2;6;7;11m▄[38;2;0;1;5;48;2;35;36;38m▄[38;2;14;15;19;48;2;58;59;61m▄[38;2;18;18;24;48;2;61;62;66m▄[38;2;18;18;26;48;2;64;65;70m▄[38;2;20;20;30;48;2;55;55;62m▄[38;2;16;16;27;48;2;60;60;70m▄[38;2;18;16;27;48;2;61;59;70m▄[38;2;17;16;26;48;2;52;51;59m▄[38;2;1;0;8;48;2;49;48;56m▄[38;2;1;1;6;48;2;57;56;62m▄[38;2;0;0;5;48;2;57;56;61m▄[38;2;0;0;4;48;2;55;54;57m▄[38;2;0;0;2;48;2;61;61;63m▄[38;2;0;0;5;48;2;60;58;67m▄[48;2;60;58;69m▄▄▄[38;2;2;2;7;48;2;56;54;65m▄[38;2;1;1;6;48;2;60;58;69m▄[38;2;0;0;5;48;2;56;54;65m▄[38;2;4;3;8;48;2;63;62;70m▄[38;2;0;0;3;48;2;55;54;62m▄[38;2;3;3;7;48;2;57;56;64m▄[38;2;1;1;6m▄[38;2;4;3;8;48;2;59;57;68m▄[38;2;0;0;5m▄[38;2;11;10;17;48;2;52;50;62m▄[38;2;13;13;22;48;2;59;58;69m▄[38;2;17;17;27;48;2;56;56;66m▄[38;2;17;17;26;48;2;59;59;67m▄[38;2;17;17;25;48;2;57;57;63m▄[38;2;14;14;21;48;2;51;52;57m▄[38;2;17;18;24;48;2;61;62;66m▄[38;2;17;18;23;48;2;60;61;65m▄[38;2;6;6;9;48;2;49;50;50m▄[38;2;7;7;7;48;2;2;2;2m▄[48;2;0;0;0m [38;2;2;2;2;48;2;3;3;3m▄[48;2;0;0;0m       [0m
[39;48;2;0;0;0m        [48;2;1;0;4m [48;2;60;58;69m [48;2;59;57;72m [48;2;58;57;73m [48;2;58;57;71m [48;2;58;58;70m [48;2;58;57;71m                                                                                                          [48;2;58;58;70m [48;2;58;57;73m  [48;2;33;33;41m [48;2;0;0;1m [48;2;0;0;0m [48;2;0;0;2m [48;2;0;0;0m                                                                                                                               [38;2;1;3;2;48;2;2;2;5m▄[38;2;1;1;3;48;2;39;40;44m▄[38;2;15;16;21;48;2;57;58;63m▄[38;2;11;11;19;48;2;24;24;33m▄[38;2;10;10;18;48;2;26;26;36m▄[38;2;10;10;17m▄[48;2;26;26;35m▄[38;2;9;9;14;48;2;35;34;42m▄[38;2;15;14;19;48;2;59;58;65m▄[38;2;20;20;25;48;2;19;18;24m▄[38;2;1;1;3;48;2;0;0;4m▄[38;2;0;0;0;48;2;0;0;3m▄[48;2;0;0;2m▄[48;2;0;0;1m▄▄▄[48;2;0;0;0m    [48;2;0;0;1m▄[48;2;0;0;0m    [38;2;1;1;1;48;2;3;3;3m▄[38;2;3;3;3;48;2;2;2;3m▄[38;2;35;35;35;48;2;1;1;3m▄[38;2;11;12;15;48;2;59;59;65m▄[38;2;4;5;10;48;2;53;53;62m▄[38;2;10;10;16;48;2;28;28;36m▄[48;2;26;26;34m▄[48;2;25;25;33m▄[38;2;9;9;16;48;2;29;29;36m▄[38;2;6;6;14;48;2;57;57;65m▄[38;2;4;4;7;48;2;57;58;60m▄[38;2;4;4;4;48;2;0;0;0m▄[48;2;1;1;1m [38;2;0;0;0m▄[48;2;0;0;0m       [0m
[39;48;2;0;0;0m        [48;2;1;0;4m [48;2;60;58;69m [48;2;59;57;72m [48;2;58;57;73m [48;2;58;57;71m [48;2;58;58;70m [48;2;58;57;71m              [38;2;58;57;73m▄▄▄▄   ▄▄    [38;2;58;58;70m▄[38;2;60;56;71m▄[38;2;59;56;73m▄[38;2;58;57;73m▄[38;2;56;58;72m▄▄[38;2;58;57;72m▄[38;2;59;56;73m▄[38;2;58;58;69m▄[38;2;61;53;87;48;2;58;57;72m▄[38;2;62;54;76;48;2;58;57;71m▄[38;2;65;54;67m▄[38;2;60;57;66m▄[38;2;51;57;92;48;2;58;57;72m▄[38;2;53;59;75;48;2;58;57;71m▄[38;2;55;59;66m▄[38;2;56;60;63m▄[38;2;56;58;73m▄[38;2;55;57;78m▄[38;2;52;60;72m▄[38;2;55;59;71m▄[38;2;62;54;73m▄[38;2;56;56;82m▄[38;2;61;55;71m▄[38;2;65;53;76m▄[38;2;46;65;59;48;2;57;57;71m▄[38;2;55;59;69;48;2;58;57;71m▄[38;2;67;52;70m▄[38;2;58;57;72m▄[38;2;51;61;69m▄[38;2;56;59;66m▄[38;2;54;59;69m▄[38;2;58;56;77m▄[38;2;57;58;68m▄[38;2;56;58;72m▄[38;2;57;58;70m▄[38;2;53;58;78m▄[38;2;55;57;79m▄[38;2;56;58;71m▄[38;2;50;62;65m▄[38;2;64;55;66m▄[38;2;65;54;68m▄[38;2;58;58;70m▄[38;2;62;55;69m▄[38;2;58;57;73m▄[38;2;58;57;74m▄▄▄▄[38;2;58;57;73m▄▄[38;2;59;56;73m▄▄[38;2;59;57;72m▄[38;2;59;57;71m▄▄[38;2;59;57;70m▄▄  [38;2;58;57;72m▄[38;2;58;57;73m▄▄▄▄              [48;2;58;58;70m [48;2;58;57;73m  [48;2;33;33;41m [48;2;0;0;1m [48;2;0;0;0m [48;2;0;0;2m [48;2;0;0;0m                                                                                                                               [38;2;0;1;0;48;2;4;5;3m▄[48;2;1;2;2m▄[38;2;0;0;4;48;2;0;1;5m▄[38;2;48;49;54;48;2;50;50;58m▄[38;2;33;33;41;48;2;51;51;59m▄[38;2;58;58;66;48;2;51;52;58m▄[38;2;57;57;65;48;2;51;52;57m▄[38;2;45;44;53;48;2;49;48;53m▄[38;2;31;30;37;48;2;2;2;4m▄[38;2;16;16;19;48;2;13;13;15m▄[38;2;1;1;3;48;2;5;5;5m▄[48;2;0;0;0m  [38;2;0;0;0;48;2;0;1;0m▄[48;2;0;0;0m [48;2;0;0;2m▄▄▄▄▄▄[38;2;0;0;2;48;2;0;0;0m▄ [38;2;0;0;0;48;2;0;0;1m▄[48;2;0;0;2m▄▄[48;2;0;0;3m [38;2;33;33;38;48;2;39;39;42m▄[38;2;2;2;8;48;2;0;1;5m▄[38;2;8;8;16;48;2;57;58;62m▄[38;2;23;23;31;48;2;58;59;64m▄[38;2;38;38;47;48;2;47;48;54m▄[38;2;7;7;15;48;2;52;53;58m▄[38;2;10;10;14;48;2;60;61;66m▄[38;2;1;1;3;48;2;34;35;40m▄[38;2;0;0;0;48;2;0;0;3m▄[48;2;4;4;4m▄[48;2;1;1;1m▄[48;2;2;2;2m▄[48;2;0;0;0m       [0m
[39;48;2;0;0;0m        [48;2;1;0;4m [48;2;60;58;69m [48;2;59;57;72m [48;2;58;57;73m [48;2;58;57;71m [48;2;58;58;70m [48;2;58;57;71m                            [38;2;58;57;71;48;2;59;57;70m▄[38;2;56;58;71m▄[48;2;56;58;70m▄ [38;2;58;58;70m▄[38;2;59;57;70;48;2;58;58;70m▄[38;2;61;56;70;48;2;59;57;70m▄[38;2;64;53;74;48;2;59;60;57m▄[38;2;60;55;76;48;2;50;65;50m▄[38;2;52;58;83;48;2;47;62;75m▄[38;2;43;65;72;48;2;54;60;66m▄[38;2;52;60;73;48;2;59;58;69m▄[38;2;63;54;72;48;2;61;56;70m▄[38;2;62;53;81;48;2;58;57;73m▄[38;2;56;58;73;48;2;55;58;76m▄[38;2;67;52;73;48;2;61;54;80m▄[38;2;60;56;71;48;2;62;56;65m▄[38;2;57;57;77;48;2;55;60;63m▄[38;2;71;52;67;48;2;58;57;74m▄[38;2;57;62;52;48;2;55;59;70m▄[38;2;49;61;71;48;2;53;60;73m▄[38;2;60;57;70;48;2;59;57;68m▄[38;2;54;58;76;48;2;57;58;67m▄[38;2;56;59;67;48;2;59;56;75m▄[38;2;63;53;80;48;2;56;58;75m▄[38;2;51;59;75;48;2;53;58;80m▄[38;2;54;58;77;48;2;61;56;69m▄[38;2;59;53;86;48;2;59;58;66m▄[38;2;55;58;71;48;2;49;60;79m▄[38;2;61;55;74;48;2;52;61;68m▄[38;2;65;53;76;48;2;52;59;79m▄[38;2;58;59;64;48;2;59;58;67m▄[38;2;59;58;67;48;2;58;56;75m▄[38;2;53;61;68;48;2;63;52;83m▄[38;2;49;62;70;48;2;62;56;70m▄[38;2;52;60;72;48;2;62;55;72m▄[38;2;58;58;70;48;2;61;57;61m▄[38;2;53;60;71;48;2;54;60;67m▄[38;2;58;57;73;48;2;51;60;76m▄[38;2;70;51;73;48;2;64;53;81m▄[38;2;62;55;75;48;2;55;57;79m▄[38;2;53;59;75;48;2;44;64;71m▄[38;2;60;56;73;48;2;57;59;65m▄[38;2;58;58;69;48;2;58;58;70m▄▄  ▄▄ [38;2;58;57;73;48;2;59;56;73m▄[38;2;58;57;72;48;2;59;56;72m▄[38;2;58;57;71;48;2;59;57;71m▄▄[38;2;58;58;70;48;2;59;57;70m▄▄▄[48;2;58;57;71m     [48;2;58;57;72m▄▄[48;2;58;57;71m              [48;2;58;58;70m [48;2;58;57;73m  [48;2;33;33;41m [48;2;0;0;1m [48;2;0;0;0m [48;2;0;0;2m [48;2;0;0;0m                                                                                                                               [48;2;0;1;0m [38;2;255;0;255;49m█[38;2;58;58;70;48;2;0;0;4m [48;2;48;49;54m [48;2;33;33;41m [48;2;58;58;66m [48;2;57;57;65m [38;2;48;47;57;48;2;43;41;52m▄[48;2;32;31;38m [38;2;12;12;17;48;2;16;16;21m▄[38;2;1;1;3;48;2;0;0;2m▄[48;2;0;0;0m          [48;2;0;0;2m [48;2;0;0;0m    [48;2;0;0;3m [48;2;33;33;38m [38;2;7;7;15;48;2;35;35;42m▄[38;2;14;14;22;48;2;8;8;15m▄[38;2;22;22;31;48;2;23;23;32m▄[38;2;35;35;45;48;2;36;36;46m▄[48;2;7;7;15m [48;2;10;10;14m [48;2;1;2;2m [48;2;0;0;0m           [0m
[39;48;2;0;0;0m        [48;2;1;0;4m [48;2;60;58;69m [48;2;59;57;72m [48;2;58;57;73m [48;2;58;57;71m [48;2;58;58;70m [48;2;58;57;71m              [38;2;55;55;68;48;2;58;58;70m▄[38;2;60;59;72;48;2;57;57;69m▄[38;2;56;55;70;48;2;58;58;71m▄[38;2;59;58;73;48;2;58;57;71m▄[38;2;55;54;71;48;2;57;56;71m▄[38;2;69;67;86;48;2;58;57;72m▄[38;2;81;79;98;48;2;58;57;71m▄[38;2;98;97;114;48;2;59;58;72m▄[38;2;97;96;113;48;2;58;57;71m▄[38;2;96;95;113;48;2;57;56;71m▄[38;2;97;96;115;48;2;64;63;79m▄[38;2;93;91;113;48;2;67;66;83m▄[38;2;95;93;115;48;2;68;67;84m▄[38;2;100;98;121;48;2;66;65;83m▄[38;2;92;91;119;48;2;66;66;85m▄[38;2;150;149;178;48;2;66;66;86m▄[38;2;155;151;181;48;2;65;65;84m▄[38;2;197;192;223;48;2;67;66;85m▄[38;2;198;193;224;48;2;67;65;85m▄[38;2;199;195;226;48;2;68;64;85m▄[48;2;80;74;95m▄[38;2;198;191;233;48;2;98;87;112m▄[38;2;195;200;216;48;2;94;86;120m▄[38;2;182;197;200;48;2;102;85;117m▄[38;2;112;189;139;48;2;90;92;104m▄[38;2;84;157;104;48;2;90;93;108m▄[38;2;43;79;57;48;2;92;89;96m▄[38;2;77;124;74;48;2;64;97;77m▄[38;2;116;131;35;48;2;48;90;62m▄[38;2;242;234;63;48;2;36;51;50m▄[38;2;116;116;38;48;2;64;84;62m▄[38;2;153;173;38;48;2;45;78;48m▄[38;2;228;236;64;48;2;47;49;41m▄[38;2;118;134;55;48;2;55;83;76m▄[38;2;30;85;34;48;2;35;98;63m▄[38;2;50;119;62;48;2;45;89;70m▄[38;2;50;112;46;48;2;47;88;64m▄[38;2;81;109;22;48;2;53;87;64m▄[38;2;39;111;52;48;2;45;89;70m▄[38;2;27;94;37;48;2;39;96;55m▄[38;2;33;92;33;48;2;45;91;63m▄[38;2;29;84;44;48;2;48;92;65m▄[38;2;29;89;53;48;2;40;95;58m▄[38;2;53;131;69;48;2;31;97;63m▄[38;2;73;152;67;48;2;45;94;60m▄[38;2;29;94;38;48;2;35;96;60m▄[38;2;67;159;86;48;2;44;95;48m▄[38;2;28;90;43;48;2;39;95;61m▄[38;2;51;163;88;48;2;38;98;62m▄[38;2;60;164;80;48;2;50;91;78m▄[38;2;46;166;89;48;2;87;94;100m▄[38;2;89;178;135;48;2;87;92;107m▄[38;2;135;183;172;48;2;84;91;107m▄[38;2;184;206;211;48;2;92;90;106m▄[38;2;202;197;217;48;2;96;88;106m▄[38;2;206;194;228;48;2;94;90;109m▄[38;2;192;193;228;48;2;66;66;87m▄[38;2;201;196;226;48;2;66;64;82m▄[38;2;197;193;222;48;2;67;66;83m▄[38;2;195;190;220;48;2;68;66;84m▄[38;2;149;145;174m▄[38;2;131;126;156;48;2;67;65;83m▄[38;2;97;92;122;48;2;66;64;82m▄[38;2;99;95;122;48;2;67;66;83m▄[38;2;94;94;115;48;2;66;64;81m▄[38;2;95;95;116;48;2;68;67;83m▄[38;2;93;93;114;48;2;62;61;77m▄[38;2;96;95;116;48;2;58;57;74m▄[38;2;97;97;116;48;2;57;56;71m▄[38;2;93;93;111;48;2;58;57;72m▄[38;2;74;74;92;48;2;58;57;71m▄[38;2;62;61;78;48;2;59;58;72m▄[38;2;59;58;74;48;2;58;57;71m▄[38;2;57;56;71m▄[38;2;58;57;71;48;2;58;58;70m▄▄  [48;2;58;57;71m              [48;2;58;58;70m [48;2;58;57;73m  [48;2;33;33;41m [48;2;0;0;1m [48;2;0;0;0m [48;2;0;0;2m [48;2;0;0;0m                                                                                                                               [48;2;0;1;0m [38;2;255;0;255;49m█[38;2;58;57;71;48;2;0;0;4m [48;2;48;49;54m [48;2;33;33;41m [48;2;58;58;66m [48;2;57;57;65m [38;2;47;45;56;48;2;48;46;57m▄[38;2;46;45;52;48;2;39;38;45m▄[38;2;15;14;19;48;2;14;14;18m▄[38;2;2;2;4;48;2;0;0;2m▄[48;2;0;0;0m          [48;2;0;0;2m [48;2;0;0;0m   [38;2;3;3;3m▄[38;2;1;1;3;48;2;1;1;4m▄[48;2;33;33;38m [38;2;47;47;55;48;2;2;2;10m▄[38;2;7;7;14;48;2;8;8;16m▄[48;2;22;22;32m [38;2;36;36;46;48;2;38;38;47m▄[48;2;7;7;15m [48;2;10;10;14m [48;2;1;2;2m [48;2;0;0;0m           [0m
[39;48;2;0;0;0m        [48;2;1;0;4m [48;2;60;58;69m [48;2;59;57;72m [48;2;58;57;73m [48;2;58;57;71m [48;2;58;58;70m [48;2;58;57;71m              [38;2;57;56;73;48;2;59;58;73m▄[38;2;58;57;75;48;2;57;56;72m▄[38;2;64;62;83;48;2;57;56;74m▄[38;2;98;96;118;48;2;64;62;82m▄[38;2;94;92;114;48;2;89;87;108m▄[38;2;97;94;120;48;2;97;95;117m▄[38;2;97;94;121;48;2;95;93;116m▄[38;2;96;94;118;48;2;96;94;116m▄[38;2;98;96;120m▄[38;2;97;94;121;48;2;97;95;117m▄[38;2;96;93;122;48;2;98;96;120m▄[38;2;95;92;121;48;2;97;94;121m▄[38;2;198;194;226;48;2;98;95;124m▄[38;2;194;190;223;48;2;177;174;203m▄[38;2;202;198;228;48;2;199;196;227m▄[38;2;194;187;217;48;2;205;200;232m▄[38;2;203;195;225;48;2;197;190;223m▄[38;2;201;192;222;48;2;196;189;223m▄[38;2;203;198;226;48;2;198;192;225m▄[38;2;190;191;217;48;2;199;196;227m▄[38;2;190;196;220;48;2;193;193;224m▄[38;2;91;168;131;48;2;188;207;219m▄[38;2;31;170;67;48;2;85;169;112m▄[38;2;50;173;93;48;2;55;163;105m▄[38;2;25;186;84;48;2;37;181;69m▄[38;2;54;159;78;48;2;15;61;20m▄[38;2;39;39;9;48;2;198;180;37m▄[38;2;42;33;5;48;2;111;100;41m▄[38;2;246;228;47;48;2;163;146;59m▄[38;2;209;205;7;48;2;248;231;16m▄[38;2;126;121;0;48;2;249;234;70m▄[38;2;119;108;0;48;2;136;120;25m▄[38;2;176;164;2;48;2;252;234;21m▄[38;2;246;235;19;48;2;218;193;42m▄[38;2;197;191;55;48;2;53;44;22m▄[38;2;26;18;4;48;2;91;89;38m▄[38;2;84;72;25;48;2;93;77;23m▄[38;2;35;4;0;48;2;206;172;36m▄[38;2;210;176;55;48;2;48;30;14m▄[38;2;90;82;5;48;2;121;110;59m▄[38;2;186;182;1;48;2;247;239;51m▄[38;2;145;112;0;48;2;158;141;7m▄[38;2;224;204;4;48;2;227;221;63m▄[38;2;242;237;64;48;2;108;107;53m▄[38;2;187;150;29;48;2;131;125;30m▄[38;2;190;164;66;48;2;185;165;63m▄[38;2;199;165;48;48;2;64;61;16m▄[38;2;204;178;15;48;2;200;177;32m▄[38;2;181;165;88;48;2;40;56;22m▄[38;2;156;139;70;48;2;121;141;27m▄[38;2;86;150;66;48;2;55;171;73m▄[38;2;20;174;67;48;2;26;178;79m▄[38;2;46;180;83;48;2;38;170;85m▄[38;2;36;172;70;48;2;56;171;99m▄[38;2;38;179;87;48;2;117;194;159m▄[38;2;130;198;160;48;2;191;202;228m▄[38;2;191;189;204;48;2;210;191;247m▄[38;2;203;198;230;48;2;199;193;227m▄[38;2;201;196;228;48;2;198;192;226m▄[38;2;200;195;227;48;2;201;195;229m▄[38;2;204;199;231;48;2;198;192;226m▄[38;2;197;192;224;48;2;200;194;228m▄[38;2;200;195;227;48;2;203;197;231m▄[38;2;198;194;225;48;2;182;178;210m▄[38;2;193;192;223;48;2;89;89;115m▄[38;2;92;92;120;48;2;96;96;122m▄[38;2;99;98;127;48;2;91;91;116m▄[38;2;94;94;122;48;2;94;94;120m▄[38;2;98;98;125;48;2;96;96;119m▄[38;2;97;97;122;48;2;96;97;119m▄[38;2;93;93;118;48;2;91;92;113m▄[38;2;100;98;121;48;2;94;92;113m▄[38;2;91;89;111;48;2;89;87;107m▄[38;2;93;91;112;48;2;60;59;77m▄[38;2;60;58;77;48;2;58;57;73m▄[38;2;58;57;73;48;2;58;57;72m▄[48;2;58;57;71m▄               [48;2;58;58;70m [48;2;58;57;73m  [48;2;33;33;41m [48;2;0;0;1m [48;2;0;0;0m [48;2;0;0;2m [48;2;0;0;0m                                                                                                                               [48;2;0;1;0m [38;2;255;0;255;49m█[38;2;58;57;73;48;2;0;0;4m [48;2;48;49;54m [48;2;33;33;41m [48;2;58;58;66m [48;2;57;57;65m [38;2;47;45;56;48;2;47;46;56m▄[38;2;58;57;65;48;2;55;54;61m▄[38;2;13;12;17;48;2;15;15;19m▄[38;2;1;1;3;48;2;0;0;2m▄[48;2;0;0;0m          [48;2;0;0;2m [48;2;0;0;0m   [38;2;1;1;1m▄[38;2;0;0;3;48;2;1;1;4m▄[38;2;38;37;42;48;2;36;36;41m▄[38;2;56;56;64;48;2;55;55;63m▄[38;2;6;6;13;48;2;8;8;16m▄[38;2;23;23;32;48;2;21;21;31m▄[48;2;37;37;46m [48;2;7;7;15m [48;2;10;10;14m [48;2;1;2;2m [48;2;0;0;0m           [0m
[39;48;2;0;0;0m        [48;2;1;0;4m [48;2;60;58;69m [48;2;59;57;72m [48;2;58;57;73m [48;2;58;57;71m [48;2;58;58;70m [48;2;58;57;71m       [48;2;58;57;73m [48;2;58;57;72m [48;2;58;58;70m  [38;2;61;61;73;48;2;56;56;68m▄[38;2;56;55;68;48;2;58;57;70m▄[38;2;58;57;72;48;2;59;58;72m▄[38;2;61;62;83;48;2;59;60;80m▄[38;2;95;95;119;48;2;62;62;84m▄[48;2;94;94;118m [38;2;92;92;116;48;2;95;95;119m▄[48;2;94;94;118m   [38;2;97;95;119;48;2;99;97;120m▄[48;2;96;94;118m [38;2;128;126;150;48;2;94;92;116m▄[38;2;201;198;225;48;2;124;121;148m▄[48;2;199;194;224m [48;2;199;194;226m [48;2;199;193;227m [38;2;201;193;224;48;2;196;195;226m▄[38;2;203;192;225;48;2;202;192;230m▄[38;2;192;197;227;48;2;192;197;229m▄[38;2;203;192;222;48;2;209;189;224m▄[38;2;191;197;212;48;2;195;194;227m▄[38;2;89;168;136;48;2;189;204;222m▄[38;2;46;170;87;48;2;98;180;131m▄[38;2;27;183;69;48;2;43;170;84m▄[38;2;29;183;59;48;2;38;176;76m▄[38;2;36;178;72;48;2;38;176;77m▄[38;2;43;175;65;48;2;39;172;93m▄[38;2;25;100;42;48;2;46;173;84m▄[38;2;190;175;64;48;2;19;24;3m▄[38;2;54;41;14;48;2;242;236;34m▄[38;2;105;88;30;48;2;243;241;5m▄[38;2;35;21;6;48;2;241;237;18m▄[38;2;236;232;40;48;2;146;136;10m▄[38;2;244;243;11;48;2;244;240;22m▄[38;2;245;239;41;48;2;157;146;31m▄[38;2;35;10;5;48;2;233;214;87m▄[38;2;200;197;33;48;2;240;228;59m▄[38;2;141;130;0;48;2;241;236;37m▄[38;2;155;125;7;48;2;216;199;14m▄[38;2;249;235;23;48;2;237;215;41m▄[38;2;195;176;96;48;2;116;92;48m▄[38;2;92;82;22;48;2;234;239;40m▄[38;2;124;111;22;48;2;233;225;7m▄[38;2;240;226;51;48;2;253;231;34m▄[38;2;182;165;35;48;2;223;208;19m▄[38;2;146;128;46;48;2;119;107;33m▄[38;2;112;97;27;48;2;109;88;37m▄[38;2;240;234;19;48;2;242;236;38m▄[38;2;246;240;19;48;2;193;181;35m▄[38;2;153;139;26;48;2;115;99;30m▄[38;2;247;246;17;48;2;239;239;35m▄[38;2;238;228;31;48;2;96;89;30m▄[38;2;22;47;10;48;2;26;84;29m▄[38;2;45;169;82;48;2;40;177;81m▄[38;2;44;173;97;48;2;30;171;71m▄[38;2;17;186;74;48;2;27;180;71m▄[38;2;32;178;67;48;2;48;166;78m▄[38;2;33;182;63;48;2;30;174;80m▄[38;2;48;172;72;48;2;129;194;170m▄[38;2;126;188;165;48;2;195;199;216m▄[38;2;195;195;219;48;2;197;190;223m▄[38;2;203;199;226;48;2;202;198;223m▄[38;2;196;196;222;48;2;205;192;221m▄[38;2;196;194;232;48;2;202;190;234m▄[38;2;204;191;231;48;2;196;195;230m▄[38;2;199;195;219;48;2;198;196;217m▄[38;2;198;193;225;48;2;198;194;225m▄[38;2;197;192;222;48;2;198;194;223m▄[38;2;200;196;224;48;2;107;103;131m▄[38;2;95;92;119;48;2;97;94;121m▄[38;2;97;95;119;48;2;100;97;123m▄[38;2;100;98;122;48;2;96;94;117m▄[38;2;95;93;115m▄[38;2;94;95;116;48;2;94;94;118m▄  [38;2;91;92;113;48;2;96;97;118m▄[38;2;88;89;108;48;2;61;62;81m▄[38;2;56;58;75;48;2;56;58;74m▄[38;2;55;57;70;48;2;57;59;72m▄[48;2;58;57;71m              [48;2;58;58;70m [48;2;58;57;73m  [48;2;33;33;41m [48;2;0;0;1m [48;2;0;0;0m [48;2;0;0;2m [48;2;0;0;0m                                                                                                                        [48;2;0;0;2m   [38;2;0;0;0m▄▄[48;2;0;0;0m  [48;2;0;1;0m [38;2;255;0;255;49m█[38;2;0;0;0;48;2;0;0;2m [48;2;48;49;53m [48;2;33;34;40m [48;2;58;58;66m [48;2;57;57;65m [48;2;45;44;55m [48;2;59;57;67m [38;2;14;14;19;48;2;14;14;18m▄[48;2;0;0;2m [48;2;0;0;0m            [38;2;0;0;4;48;2;0;0;3m▄[48;2;0;0;0m [38;2;0;1;0m▄[48;2;0;0;1m [38;2;33;32;41;48;2;33;33;40m▄[38;2;58;58;70;48;2;58;58;69m▄[38;2;6;6;15;48;2;6;6;14m▄[38;2;21;22;27;48;2;21;21;28m▄[38;2;36;36;44;48;2;36;36;45m▄[38;2;7;7;19;48;2;7;7;17m▄[38;2;12;12;21;48;2;11;12;19m▄[38;2;0;1;2;48;2;1;2;2m▄[38;2;1;1;0;48;2;0;1;0m▄[48;2;0;0;0m          [0m
[39;48;2;0;0;0m        [48;2;1;0;4m [48;2;60;58;69m [48;2;59;57;72m [48;2;58;57;73m [48;2;58;57;71m [48;2;58;58;70m [48;2;58;57;71m       [48;2;58;57;73m [48;2;58;57;71m  [48;2;58;58;70m [38;2;59;58;71;48;2;59;59;72m▄[38;2;60;59;75;48;2;59;58;74m▄[38;2;66;65;83;48;2;56;55;71m▄[38;2;97;98;119;48;2;96;97;118m▄[38;2;94;94;118;48;2;93;93;117m▄[38;2;93;93;117;48;2;96;96;120m▄[38;2;95;95;119;48;2;94;94;118m▄   [38;2;94;91;118;48;2;101;99;123m▄[38;2;130;127;154;48;2;98;96;120m▄[38;2;196;193;222;48;2;194;191;218m▄[38;2;200;197;226;48;2;203;200;229m▄[48;2;199;194;224m [48;2;199;194;226m [38;2;199;194;226;48;2;199;193;227m▄[38;2;202;192;226;48;2;205;191;223m▄[38;2;201;195;223;48;2;202;193;220m▄[38;2;199;193;224;48;2;194;197;223m▄[38;2;185;203;216;48;2;192;198;219m▄[38;2;71;157;102;48;2;176;209;190m▄[38;2;25;186;65;48;2;34;183;89m▄[38;2;29;181;72;48;2;25;177;71m▄[38;2;43;173;86;48;2;29;180;89m▄[38;2;45;172;74;48;2;36;177;72m▄[38;2;36;176;79;48;2;35;175;88m▄[38;2;33;176;83;48;2;38;177;71m▄[38;2;111;132;52;48;2;20;44;19m▄[38;2;211;181;10;48;2;197;162;61m▄[38;2;144;115;15;48;2;139;113;39m▄[38;2;241;225;85;48;2;203;178;66m▄[38;2;67;59;7;48;2;132;108;9m▄[38;2;212;201;67;48;2;42;21;9m▄[38;2;90;64;34;48;2;41;27;5m▄[38;2;199;182;30;48;2;132;119;29m▄[38;2;176;154;45;48;2;45;25;7m▄[38;2;67;44;5;48;2;249;236;31m▄[38;2;145;119;34;48;2;217;204;16m▄[38;2;197;182;50;48;2;243;240;17m▄[38;2;68;55;15;48;2;211;193;30m▄[38;2;200;174;8;48;2;199;161;40m▄[38;2;208;172;18;48;2;207;165;65m▄[38;2;94;66;19;48;2;158;140;41m▄[38;2;202;176;51;48;2;172;161;60m▄[38;2;153;125;40;48;2;138;122;55m▄[38;2;241;233;73;48;2;105;85;39m▄[38;2;248;249;16;48;2;196;175;81m▄[38;2;243;239;20;48;2;219;201;49m▄[38;2;215;200;46;48;2;81;59;3m▄[38;2;246;237;26;48;2;130;98;1m▄[38;2;243;228;53;48;2;147;128;3m▄[38;2;196;188;33;48;2;239;217;44m▄[38;2;108;136;41;48;2;229;229;49m▄[38;2;51;168;73;48;2;40;125;49m▄[38;2;45;183;73;48;2;47;172;71m▄[38;2;33;172;86;48;2;40;178;84m▄[38;2;27;184;76;48;2;29;179;80m▄[38;2;32;179;76;48;2;42;175;79m▄[38;2;27;181;63;48;2;34;168;82m▄[38;2;28;184;78;48;2;32;163;89m▄[38;2;109;182;148;48;2;174;201;200m▄[38;2;195;193;217;48;2;194;188;218m▄[38;2;193;197;226;48;2;188;200;224m▄[38;2;200;194;222;48;2;193;197;226m▄[38;2;199;194;225;48;2;208;189;227m▄[38;2;199;193;229;48;2;200;193;226m▄[38;2;195;190;222;48;2;199;194;226m▄[38;2;199;194;226;48;2;200;195;226m▄[38;2;199;194;225;48;2;197;192;222m▄[38;2;199;196;223;48;2;191;188;215m▄[38;2;90;87;114;48;2;88;86;110m▄[38;2;96;94;118;48;2;98;96;120m▄[38;2;97;95;119;48;2;96;94;118m▄[48;2;94;95;116m [48;2;94;94;118m  [38;2;90;90;114;48;2;98;98;122m▄[38;2;97;98;120;48;2;92;93;114m▄[38;2;93;94;114;48;2;85;86;105m▄[38;2;58;59;77;48;2;57;59;75m▄[48;2;58;57;71m              [48;2;58;58;70m [48;2;58;57;73m  [48;2;33;33;41m [48;2;0;0;1m [48;2;0;0;0m [48;2;0;0;2m [48;2;0;0;0m                                                                                                                               [48;2;0;1;0m [38;2;255;0;255;49m█[38;2;0;1;2;48;2;0;0;4m [38;2;48;48;54;48;2;48;49;54m▄[38;2;34;34;41;48;2;33;33;41m▄[48;2;58;58;66m [48;2;57;58;63m [48;2;45;44;55m [48;2;59;57;67m [48;2;14;14;19m [48;2;0;0;2m [48;2;0;0;0m            [48;2;0;0;4m [48;2;0;0;0m [48;2;0;1;0m [48;2;0;0;1m [48;2;33;32;41m [48;2;58;58;70m [48;2;6;6;15m [48;2;21;22;27m [48;2;36;36;44m [38;2;11;11;23;48;2;1;1;12m▄[38;2;10;11;19;48;2;9;9;17m▄[48;2;1;2;3m [38;2;0;1;0;48;2;0;0;0m▄          [0m
[39;48;2;0;0;0m        [48;2;1;0;4m [48;2;60;58;69m [48;2;59;57;72m [48;2;58;57;73m [48;2;58;57;71m [48;2;58;58;70m [48;2;58;57;71m       [38;2;58;57;71;48;2;58;57;72m▄[48;2;58;57;71m  [48;2;58;58;71m▄[38;2;58;57;73;48;2;56;55;70m▄[38;2;59;57;77;48;2;57;56;73m▄[38;2;94;92;114;48;2;95;93;114m▄[48;2;94;94;118m       [38;2;101;98;127;48;2;94;92;120m▄[38;2;193;190;221;48;2;196;193;223m▄[38;2;199;196;227;48;2;197;194;223m▄[38;2;198;195;226;48;2;200;197;227m▄[48;2;199;194;226m   [38;2;196;196;230;48;2;197;197;232m▄[38;2;197;191;229;48;2;200;195;228m▄[38;2;199;195;217;48;2;200;192;223m▄[38;2;105;179;142;48;2;151;189;185m▄[38;2;29;178;84;48;2;38;172;91m▄[38;2;43;173;74;48;2;39;177;63m▄[38;2;37;176;76;48;2;38;176;74m▄[38;2;27;180;80;48;2;39;173;85m▄[38;2;31;176;89;48;2;36;178;71m▄[38;2;39;174;78;48;2;40;174;77m▄[38;2;28;181;75;48;2;30;179;80m▄[38;2;36;174;84;48;2;59;165;83m▄[38;2;2;23;1;48;2;20;16;1m▄[38;2;242;229;76;48;2;233;227;32m▄[38;2;218;202;17;48;2;215;195;12m▄[38;2;185;168;7;48;2;181;163;12m▄[38;2;246;241;23;48;2;220;210;13m▄[38;2;168;151;54;48;2;61;33;16m▄[38;2;197;177;64;48;2;117;95;24m▄[38;2;181;159;64;48;2;203;179;36m▄[38;2;244;227;36;48;2;126;95;10m▄[38;2;225;206;41;48;2;167;128;21m▄[38;2;160;147;36;48;2;208;178;48m▄[38;2;235;235;31;48;2;107;101;36m▄[38;2;191;178;41;48;2;105;93;34m▄[38;2;145;109;19;48;2;118;91;14m▄[38;2;217;181;0;48;2;207;176;16m▄[38;2;208;169;49;48;2;225;181;5m▄[38;2;61;35;7;48;2;215;173;36m▄[38;2;154;134;54;48;2;56;41;17m▄[38;2;69;52;18;48;2;131;121;34m▄[38;2;135;114;18;48;2;127;112;42m▄[38;2;92;74;6;48;2;170;157;49m▄[38;2;79;66;12;48;2;241;239;20m▄[38;2;76;64;18;48;2;240;235;35m▄[38;2;146;150;61;48;2;120;120;54m▄[38;2;63;157;84;48;2;24;85;40m▄[38;2;32;178;90;48;2;38;178;80m▄[38;2;23;184;63;48;2;39;174;64m▄[38;2;40;174;77;48;2;40;174;81m▄[38;2;37;175;81;48;2;39;176;72m▄[38;2;25;182;76;48;2;36;177;78m▄[38;2;39;172;90;48;2;34;177;81m▄[38;2;35;174;71;48;2;33;177;68m▄[38;2;38;174;80;48;2;50;166;96m▄[38;2;151;210;183;48;2;180;200;204m▄[38;2;200;193;226;48;2;201;192;227m▄[38;2;206;190;227;48;2;207;190;224m▄[38;2;193;198;221;48;2;189;199;223m▄[38;2;196;196;224;48;2;196;195;228m▄[48;2;199;193;227m [38;2;199;193;227;48;2;199;194;226m▄[38;2;199;194;226;48;2;199;194;225m▄[38;2;198;195;224;48;2;200;197;226m▄[38;2;175;172;201;48;2;179;176;203m▄[38;2;95;92;119;48;2;100;98;123m▄[38;2;95;92;117;48;2;95;93;117m▄[48;2;94;95;116m [48;2;94;95;117m [48;2;94;94;119m [38;2;95;95;121m▄[38;2;92;92;118;48;2;96;96;120m▄[38;2;94;94;117;48;2;91;92;113m▄[38;2;95;96;116;48;2;83;84;103m▄[48;2;58;57;71m              [48;2;58;58;70m [48;2;58;57;73m  [48;2;33;33;41m [48;2;0;0;1m [48;2;0;0;0m [48;2;0;0;2m [48;2;0;0;0m                                                                                                                        [38;2;0;0;0;48;2;2;2;1m▄[48;2;1;1;0m▄[38;2;4;4;5;48;2;4;4;3m▄[38;2;2;2;4;48;2;2;2;2m▄[38;2;1;0;5;48;2;1;1;1m▄[38;2;1;0;6;48;2;1;1;3m▄[38;2;1;0;7m▄[38;2;0;0;4;48;2;1;2;4m▄[38;2;1;1;5;48;2;0;0;3m▄[38;2;2;3;8;48;2;0;1;6m▄[38;2;48;48;56;48;2;47;47;55m▄[38;2;32;32;40;48;2;35;35;42m▄[38;2;51;52;58;48;2;59;60;66m▄[38;2;53;54;59;48;2;56;57;62m▄[48;2;45;44;55m [48;2;59;57;67m [48;2;14;14;19m [48;2;0;0;2m [48;2;0;0;0m            [48;2;0;0;4m [48;2;0;0;0m [48;2;0;1;0m [48;2;0;0;1m [48;2;33;32;41m [48;2;58;58;70m [48;2;6;6;15m [48;2;21;22;27m [48;2;36;36;44m [48;2;7;7;19m [48;2;10;10;18m [48;2;1;2;2m [48;2;0;0;0m           [0m
[39;48;2;0;0;0m        [48;2;1;0;4m [48;2;60;58;69m [48;2;59;57;72m [48;2;58;57;73m [48;2;58;57;71m [48;2;58;58;70m [48;2;58;57;71m       [38;2;58;57;73m▄   [48;2;57;56;73m▄[38;2;80;78;98;48;2;65;63;83m▄[38;2;96;94;116;48;2;96;94;118m▄[48;2;94;94;118m       [38;2;195;191;220;48;2;101;98;129m▄[38;2;199;194;226;48;2;194;190;223m▄[48;2;195;191;224m▄[48;2;200;197;228m▄[48;2;199;194;226m   [38;2;202;194;219;48;2;197;193;224m▄[38;2;200;192;229;48;2;201;195;231m▄[38;2;185;205;211;48;2;193;197;208m▄[38;2;44;170;87;48;2;53;164;97m▄[38;2;42;174;74;48;2;36;177;79m▄[38;2;32;176;89;48;2;31;178;82m▄[38;2;32;178;75;48;2;30;180;75m▄[38;2;32;179;74;48;2;33;180;69m▄[38;2;35;178;71;48;2;39;176;70m▄[38;2;28;178;87;48;2;35;175;87m▄[38;2;42;174;71;48;2;40;178;58m▄[38;2;45;171;75;48;2;48;160;79m▄[38;2;32;60;28;48;2;181;176;84m▄[38;2;130;93;40;48;2;32;16;2m▄[38;2;87;59;24;48;2;252;237;34m▄[38;2;178;160;17;48;2;233;221;51m▄[38;2;206;176;26;48;2;231;213;91m▄[38;2;114;87;26;48;2;87;75;20m▄[38;2;249;235;22;48;2;35;25;3m▄[38;2;252;241;13;48;2;183;176;22m▄[38;2;200;196;9;48;2;243;239;27m▄[38;2;126;108;0;48;2;150;139;22m▄[38;2;127;105;0;48;2;242;227;51m▄[38;2;210;199;9;48;2;254;250;40m▄[38;2;249;234;36;48;2;190;168;98m▄[38;2;117;104;25;48;2;203;176;38m▄[38;2;213;174;18;48;2;213;180;0m▄[38;2;98;78;27;48;2;45;21;2m▄[38;2;202;185;12;48;2;237;240;43m▄[38;2;134;108;0;48;2;217;204;24m▄[38;2;221;190;9;48;2;241;229;34m▄[38;2;246;236;52;48;2;53;25;5m▄[38;2;41;42;14;48;2;198;177;46m▄[38;2;238;230;54;48;2;88;64;28m▄[38;2;90;67;13;48;2;198;183;53m▄[38;2;221;209;54;48;2;48;31;16m▄[38;2;29;86;43;48;2;22;82;32m▄[38;2;29;173;90;48;2;44;178;97m▄[38;2;45;175;74;48;2;31;182;89m▄[38;2;39;176;69;48;2;35;179;68m▄[38;2;28;181;76;48;2;32;177;83m▄[38;2;38;174;83;48;2;36;178;68m▄[38;2;32;177;79;48;2;36;177;73m▄[38;2;31;177;81;48;2;31;179;82m▄[38;2;37;176;73;48;2;36;171;66m▄[38;2;63;159;92;48;2;66;164;110m▄[38;2;199;195;223;48;2;194;196;227m▄[38;2;194;195;232;48;2;199;193;232m▄[38;2;202;193;217;48;2;203;193;221m▄[38;2;196;195;227;48;2;198;196;220m▄[38;2;198;195;226;48;2;199;193;227m▄[38;2;199;194;226m▄[38;2;200;193;227;48;2;199;194;226m▄[38;2;199;194;226;48;2;189;186;215m▄[48;2;198;195;224m [38;2;94;94;119;48;2;98;95;122m▄[38;2;94;95;116;48;2;101;99;123m▄[38;2;94;94;118;48;2;94;95;115m▄[48;2;94;95;117m▄[48;2;94;94;119m▄[48;2;94;94;120m▄[48;2;92;92;118m▄[48;2;95;95;119m▄[38;2;94;95;117;48;2;93;94;116m▄[48;2;58;57;71m              [48;2;58;58;70m [48;2;58;57;73m  [48;2;33;33;41m [48;2;0;0;1m [48;2;0;0;0m [48;2;0;0;2m [48;2;0;0;0m                                                                                                                        [38;2;0;0;2m▄[38;2;0;0;0;48;2;0;0;2m▄[48;2;1;0;3m▄[38;2;0;0;3;48;2;58;57;62m▄[38;2;41;41;48;48;2;56;56;63m▄[38;2;7;6;14;48;2;56;55;65m▄[38;2;33;32;37m▄[38;2;0;0;0;48;2;55;56;60m▄[38;2;2;2;2m▄[38;2;0;0;2;48;2;50;50;58m▄[38;2;51;50;56;48;2;47;47;55m▄[38;2;35;34;40;48;2;33;33;42m▄[38;2;19;18;23;48;2;17;17;23m▄[38;2;55;54;58;48;2;57;58;63m▄[38;2;47;46;52;48;2;45;44;55m▄[38;2;60;59;66;48;2;59;57;67m▄[38;2;15;15;19;48;2;14;14;19m▄[38;2;1;1;3;48;2;0;0;2m▄[38;2;0;0;1;48;2;0;0;0m▄         [38;2;0;0;3m▄ [38;2;0;0;0;48;2;0;0;4m▄[48;2;0;0;0m [48;2;0;1;0m▄[38;2;0;0;4;48;2;0;0;1m▄[38;2;33;32;42;48;2;33;32;41m▄[38;2;61;61;71;48;2;58;58;70m▄[38;2;6;6;14;48;2;6;6;15m▄[48;2;21;22;27m [38;2;2;3;7;48;2;36;36;44m▄[38;2;6;7;11;48;2;7;7;19m▄[38;2;10;10;13;48;2;10;10;18m▄[38;2;1;2;1;48;2;1;2;2m▄[38;2;0;1;1;48;2;0;0;0m▄          [0m
[39;48;2;0;0;0m        [48;2;1;0;4m [48;2;60;58;69m [48;2;59;57;72m [48;2;58;57;73m [48;2;58;57;71m [48;2;58;58;70m [48;2;58;57;71m       [48;2;58;57;73m [48;2;58;57;71m   [48;2;58;57;73m [48;2;80;78;98m [48;2;96;94;116m [48;2;94;94;118m       [48;2;195;190;220m [48;2;199;194;226m      [38;2;198;195;224;48;2;199;195;221m▄[38;2;202;191;231;48;2;200;192;231m▄[38;2;188;204;211;48;2;185;205;212m▄[38;2;42;170;88;48;2;42;171;86m▄[38;2;29;182;68;48;2;38;176;72m▄[38;2;37;175;81;48;2;35;175;87m▄[38;2;34;177;79;48;2;34;177;76m▄[38;2;36;177;76;48;2;36;177;73m▄[38;2;42;174;73;48;2;39;177;66m▄[38;2;29;179;79;48;2;31;179;77m▄[38;2;33;178;74;48;2;40;173;83m▄[38;2;54;165;85;48;2;30;183;81m▄[38;2;205;178;77;48;2;29;75;40m▄[38;2;154;125;15;48;2;118;102;28m▄[38;2;219;213;64;48;2;146;124;19m▄[38;2;219;211;61;48;2;183;163;28m▄[38;2;240;221;47;48;2;97;78;15m▄[38;2;158;138;42;48;2;167;157;42m▄[38;2;202;182;42;48;2;109;101;31m▄[38;2;178;155;37;48;2;241;233;50m▄[38;2;241;243;48;48;2;175;167;38m▄[38;2;243;241;19;48;2;252;231;31m▄[38;2;241;236;61;48;2;144;129;15m▄[38;2;20;19;3;48;2;234;235;22m▄[38;2;39;39;10;48;2;243;232;14m▄[38;2;27;20;5;48;2;133;119;35m▄[38;2;215;175;23;48;2;55;47;21m▄[38;2;12;11;0;48;2;234;227;81m▄[38;2;77;77;22;48;2;237;223;17m▄[38;2;158;145;32;48;2;236;228;18m▄[38;2;247;233;84;48;2;234;217;9m▄[38;2;146;132;81;48;2;97;90;34m▄[38;2;238;236;43;48;2;71;65;13m▄[38;2;241;220;35;48;2;223;206;12m▄[38;2;232;217;45;48;2;128;113;3m▄[38;2;218;210;10;48;2;229;203;10m▄[38;2;153;156;50;48;2;194;202;50m▄[38;2;66;161;70;48;2;51;142;65m▄[38;2;29;185;82;48;2;38;172;80m▄[38;2;33;177;85;48;2;32;179;71m▄[38;2;40;173;83;48;2;28;182;70m▄[38;2;37;175;81;48;2;30;179;80m▄[38;2;35;179;66;48;2;29;181;71m▄[38;2;34;177;74;48;2;33;177;79m▄[38;2;29;180;74;48;2;33;178;73m▄[38;2;57;159;99;48;2;61;159;92m▄[38;2;193;197;221;48;2;196;196;221m▄[38;2;199;193;230;48;2;196;194;231m▄[38;2;204;193;221;48;2;203;193;218m▄[38;2;195;195;229;48;2;196;195;229m▄[48;2;198;195;226m [48;2;199;194;226m [48;2;200;193;227m [48;2;199;194;226m [48;2;198;195;223m [48;2;94;94;119m [48;2;93;95;116m [48;2;94;94;118m      [48;2;94;95;117m [48;2;58;57;71m              [48;2;58;58;70m [48;2;58;57;73m  [48;2;33;33;41m [48;2;0;0;1m [48;2;0;0;0m [48;2;0;0;2m [48;2;0;0;0m                                                                                                                        [48;2;0;0;3m [48;2;0;0;0m [48;2;0;1;0m [48;2;0;0;3m [38;2;64;63;72;48;2;64;62;71m▄[38;2;10;10;17;48;2;9;9;16m▄[48;2;51;50;55m [48;2;1;1;1m [38;2;2;2;3;48;2;2;2;2m▄[38;2;1;0;5;48;2;1;1;3m▄[38;2;6;6;11;48;2;47;46;51m▄[38;2;6;6;13;48;2;36;35;41m▄[38;2;2;2;8;48;2;2;1;6m▄[38;2;10;9;15;48;2;59;58;63m▄[38;2;1;1;6;48;2;2;2;7m▄[38;2;36;35;41;48;2;59;58;64m▄[38;2;14;14;18;48;2;15;15;19m▄[48;2;0;0;4m [48;2;0;0;1m [48;2;0;0;0m         [48;2;0;0;4m [48;2;0;0;2m [48;2;0;0;0m [38;2;0;0;0;48;2;0;1;0m▄[48;2;0;0;0m [48;2;0;0;5m [48;2;33;32;42m [38;2;54;53;64;48;2;56;56;67m▄[38;2;1;1;10;48;2;6;6;14m▄[38;2;4;4;13;48;2;22;22;29m▄[38;2;6;6;14;48;2;1;2;7m▄[38;2;0;0;6;48;2;9;10;14m▄[38;2;3;3;8;48;2;10;10;12m▄[38;2;2;3;7;48;2;2;2;4m▄[38;2;0;1;3;48;2;0;0;1m▄[48;2;0;0;0m          [0m
[39;48;2;0;0;0m        [48;2;1;0;4m [48;2;60;58;69m [48;2;59;57;72m [48;2;58;57;73m [48;2;58;57;71m [48;2;58;58;70m [48;2;58;57;71m       [48;2;58;57;73m [48;2;58;57;71m   [38;2;57;56;71;48;2;58;57;73m▄[38;2;61;59;79;48;2;79;78;98m▄[38;2;91;89;111;48;2;97;95;116m▄[48;2;94;94;118m       [38;2;151;146;176;48;2;195;190;220m▄[38;2;198;193;225;48;2;199;194;226m▄[38;2;197;192;224m▄    [38;2;197;193;224;48;2;196;195;226m▄[38;2;198;193;228;48;2;202;191;230m▄[38;2;196;198;220;48;2;192;199;213m▄[38;2;101;179;137;48;2;52;164;95m▄[38;2;32;178;80;48;2;27;183;71m▄[38;2;38;176;73;48;2;39;175;76m▄[38;2;31;176;76;48;2;34;177;79m▄[38;2;30;179;86;48;2;34;176;84m▄[38;2;34;179;69;48;2;39;174;78m▄[38;2;33;177;79;48;2;35;178;68m▄[38;2;36;176;76;48;2;35;178;71m▄[38;2;11;68;24;48;2;45;167;81m▄[38;2;212;179;22;48;2;55;35;8m▄[38;2;92;75;20;48;2;145;116;42m▄[38;2;240;234;47;48;2;182;166;8m▄[38;2;215;206;13;48;2;149;123;0m▄[38;2;247;232;29;48;2;208;158;10m▄[38;2;192;183;26;48;2;251;235;14m▄[38;2;119;99;38;48;2;120;91;28m▄[38;2;212;178;44;48;2;224;173;11m▄[38;2;202;175;51;48;2;153;119;33m▄[38;2;129;101;23;48;2;43;22;5m▄[38;2;206;175;56;48;2;56;42;7m▄[38;2;19;20;1;48;2;121;101;20m▄[38;2;246;234;36;48;2;107;82;22m▄[38;2;204;176;7;48;2;251;224;22m▄[38;2;122;118;0;48;2;235;211;61m▄[38;2;225;203;23;48;2;252;239;44m▄[38;2;87;80;21;48;2;77;63;9m▄[38;2;121;91;37;48;2;202;171;41m▄[38;2;226;169;17;48;2;214;175;32m▄[38;2;195;172;25;48;2;210;178;18m▄[38;2;145;130;58;48;2;111;92;31m▄[38;2;193;172;50;48;2;120;93;30m▄[38;2;92;91;43;48;2;250;230;34m▄[38;2;127;98;33;48;2;203;198;46m▄[38;2;73;97;34;48;2;98;118;55m▄[38;2;40;173;72;48;2;41;172;67m▄[38;2;40;167;73;48;2;23;174;69m▄[38;2;36;175;81;48;2;37;173;94m▄[38;2;24;184;66;48;2;38;174;81m▄[38;2;32;179;76;48;2;36;176;79m▄[38;2;31;177;83;48;2;31;179;76m▄[38;2;36;178;77;48;2;35;176;73m▄[38;2;45;175;85;48;2;31;178;76m▄[38;2;136;198;176;48;2;66;156;111m▄[38;2;194;197;223;48;2;192;198;221m▄[38;2;200;193;227;48;2;201;192;228m▄[38;2;203;192;227;48;2;204;192;224m▄[38;2;196;195;226;48;2;194;196;227m▄[48;2;198;195;226m [48;2;199;194;226m [48;2;200;193;227m [38;2;196;191;223;48;2;201;196;228m▄[38;2;188;185;213;48;2;197;194;223m▄[38;2;96;96;121;48;2;94;94;119m▄[38;2;94;96;117;48;2;93;95;116m▄[48;2;94;94;118m    [38;2;93;93;117;48;2;95;95;119m▄[38;2;94;94;118m▄[38;2;96;97;119;48;2;94;94;116m▄[48;2;58;57;71m              [48;2;58;58;70m [48;2;58;57;73m  [38;2;34;33;41;48;2;33;33;41m▄[38;2;1;1;2;48;2;0;0;1m▄[38;2;0;0;0;48;2;2;2;2m▄[38;2;4;4;6;48;2;0;0;2m▄[48;2;0;0;0m                                                                                                                        [38;2;1;1;4;48;2;0;0;3m▄[38;2;2;2;1;48;2;0;0;0m▄[38;2;2;3;0;48;2;0;1;0m▄[38;2;3;3;6;48;2;0;0;3m▄[38;2;34;33;41;48;2;62;61;70m▄[38;2;9;8;16;48;2;11;10;18m▄[38;2;36;35;40;48;2;50;49;54m▄[38;2;5;5;5;48;2;0;0;0m▄[38;2;19;19;21;48;2;3;3;5m▄[38;2;63;62;67;48;2;0;0;5m▄[38;2;32;31;39;48;2;47;46;54m▄[38;2;33;32;41;48;2;49;47;57m▄[38;2;33;32;39;48;2;48;47;55m▄[48;2;51;51;58m▄[38;2;30;29;35;48;2;39;38;44m▄[38;2;60;59;65;48;2;22;21;27m▄[38;2;5;5;9;48;2;15;15;19m▄[38;2;1;1;5;48;2;1;0;5m▄[38;2;19;18;23;48;2;0;0;2m▄[38;2;12;11;16m▄[38;2;2;2;5m▄[38;2;27;27;31m▄▄▄▄▄▄▄[38;2;25;24;29;48;2;0;0;4m▄[38;2;27;26;31;48;2;1;0;3m▄[38;2;30;30;33;48;2;0;0;1m▄[38;2;10;10;13;48;2;1;1;1m▄[38;2;0;0;3;48;2;1;1;3m▄[38;2;2;1;6;48;2;1;0;5m▄[38;2;21;20;25;48;2;34;33;40m▄[38;2;55;55;62;48;2;52;52;61m▄[38;2;33;33;42;48;2;10;10;20m▄[38;2;35;35;44;48;2;48;48;58m▄[38;2;35;35;43;48;2;46;46;56m▄[38;2;32;32;40;48;2;45;45;53m▄[38;2;35;35;42;48;2;46;46;54m▄[38;2;41;41;49;48;2;3;3;9m▄[38;2;36;36;39;48;2;0;0;3m▄[38;2;1;1;1;48;2;0;0;0m▄ ▄       [0m
[39;48;2;0;0;0m        [48;2;1;0;4m [48;2;60;58;69m [48;2;59;57;72m [48;2;58;57;73m [48;2;58;57;71m [48;2;58;58;70m [48;2;58;57;71m       [48;2;58;57;73m [48;2;58;57;71m   [38;2;58;57;72;48;2;59;58;74m▄[38;2;60;59;78;48;2;58;56;76m▄[38;2;84;82;104;48;2;91;89;111m▄[48;2;94;94;118m       [38;2;100;95;125;48;2;99;94;124m▄[38;2;191;186;218;48;2;199;194;226m▄[38;2;202;197;229;48;2;198;193;225m▄[38;2;198;193;225;48;2;199;194;226m▄   [38;2;201;189;217;48;2;200;192;222m▄[38;2;189;197;225;48;2;192;194;226m▄[38;2;200;194;234;48;2;196;193;225m▄[38;2;189;195;210;48;2;159;196;187m▄[38;2;66;177;111;48;2;41;167;88m▄[38;2;37;181;75;48;2;37;177;72m▄[38;2;28;177;72;48;2;31;177;74m▄[38;2;36;175;69;48;2;33;177;82m▄[38;2;40;174;75;48;2;33;177;79m▄[38;2;39;173;88;48;2;37;175;80m▄[38;2;28;183;67;48;2;35;179;67m▄[38;2;33;172;80;48;2;46;161;72m▄[38;2;35;163;75;48;2;52;74;18m▄[38;2;36;171;74;48;2;60;117;58m▄[38;2;37;179;76;48;2;60;91;22m▄[38;2;38;166;82;48;2;67;92;18m▄[38;2;65;168;81;48;2;235;238;70m▄[38;2;39;170;80;48;2;21;31;10m▄[38;2;43;170;78;48;2;34;46;12m▄[38;2;77;169;89;48;2;188;176;60m▄[38;2;52;165;78;48;2;16;29;3m▄[38;2;33;170;73;48;2;50;67;21m▄[38;2;46;181;86;48;2;59;80;41m▄[38;2;3;28;3;48;2;149;133;27m▄[38;2;136;129;73;48;2;115;105;19m▄[38;2;232;227;122;48;2;244;226;18m▄[38;2;49;77;23;48;2;239;224;36m▄[38;2;0;34;1;48;2;249;234;44m▄[38;2;64;163;56;48;2;164;169;55m▄[38;2;42;171;80;48;2;53;97;53m▄[38;2;40;173;79;48;2;57;70;28m▄[38;2;29;180;73;48;2;50;80;18m▄[38;2;38;182;85;48;2;66;150;71m▄[38;2;43;173;74;48;2;49;91;25m▄[38;2;49;170;93;48;2;49;113;63m▄[38;2;43;176;78;48;2;49;73;19m▄[38;2;33;168;68;48;2;46;96;42m▄[38;2;24;177;69;48;2;36;175;86m▄[38;2;32;170;74;48;2;52;180;80m▄[38;2;39;171;92;48;2;37;176;76m▄[38;2;30;181;67;48;2;27;182;71m▄[38;2;30;180;69;48;2;42;173;78m▄[38;2;35;176;84;48;2;44;172;79m▄[38;2;27;175;82;48;2;36;181;84m▄[38;2;108;194;133;48;2;52;158;84m▄[38;2;198;190;217;48;2;182;204;209m▄[38;2;202;191;229;48;2;198;194;227m▄[38;2;193;197;226;48;2;197;195;226m▄[38;2;199;193;230;48;2;200;192;229m▄[38;2;202;193;222;48;2;199;194;224m▄[48;2;198;195;226m [48;2;199;194;226m [48;2;200;193;227m [38;2;193;188;220;48;2;198;193;225m▄[38;2;178;175;204;48;2;171;168;197m▄[38;2;101;101;126;48;2;92;92;117m▄[38;2;91;93;114;48;2;95;97;118m▄[48;2;94;94;118m   [38;2;96;96;120;48;2;93;93;117m▄[38;2;95;95;119m▄[38;2;96;96;120m▄[38;2;57;58;80;48;2;80;81;103m▄[48;2;58;57;71m              [48;2;58;58;70m [48;2;58;57;73m  [38;2;58;57;65;48;2;50;49;58m▄[38;2;20;20;20;48;2;2;2;3m▄[38;2;1;1;1;48;2;3;3;3m▄[38;2;0;0;3;48;2;4;4;6m▄[48;2;0;0;0m                                                                                                                        [38;2;2;1;5;48;2;2;2;5m▄[38;2;1;1;1;48;2;0;0;0m▄[38;2;1;2;1;48;2;4;5;1m▄[38;2;52;52;55;48;2;2;2;4m▄[38;2;28;27;35;48;2;18;17;25m▄[38;2;6;5;13;48;2;8;7;15m▄[38;2;0;0;4;48;2;15;15;18m▄[48;2;4;4;3m [38;2;6;6;5;48;2;14;14;14m▄[38;2;1;1;2;48;2;16;16;19m▄[38;2;54;53;58;48;2;16;16;21m▄[38;2;58;57;62;48;2;16;16;22m▄[48;2;16;16;21m▄[38;2;58;58;60m▄[38;2;3;2;7;48;2;16;15;20m▄[38;2;57;56;61;48;2;19;18;23m▄[38;2;59;58;63;48;2;44;43;48m▄[38;2;55;54;60m▄[38;2;56;55;61;48;2;41;40;46m▄[38;2;60;59;65;48;2;41;41;46m▄[38;2;61;60;66;48;2;42;41;47m▄[38;2;59;58;64;48;2;43;42;48m▄▄▄▄▄▄▄[38;2;62;61;67;48;2;44;44;49m▄[38;2;53;52;58;48;2;42;41;47m▄[38;2;61;60;66;48;2;43;42;48m▄[38;2;67;66;74;48;2;49;48;54m▄[38;2;77;76;82;48;2;45;44;50m▄[38;2;61;60;66;48;2;41;40;46m▄[38;2;55;54;59;48;2;45;44;49m▄[38;2;55;55;58;48;2;15;16;20m▄[38;2;6;6;8;48;2;17;17;22m▄[38;2;57;58;62;48;2;16;16;22m▄[38;2;55;56;60;48;2;17;17;23m▄[38;2;50;51;55;48;2;18;18;23m▄[38;2;61;62;66;48;2;17;17;23m▄[38;2;42;42;47;48;2;19;19;25m▄[38;2;7;8;10;48;2;20;21;23m▄[38;2;2;2;2;48;2;3;3;3m▄[38;2;1;1;1;48;2;0;0;0m▄▄       [0m
[39;48;2;0;0;0m        [48;2;1;0;4m [48;2;60;58;69m [48;2;59;57;72m [48;2;58;57;73m [48;2;58;57;71m [48;2;58;58;70m [48;2;58;57;71m           [38;2;59;58;72;48;2;57;56;70m▄[48;2;59;58;74m▄[38;2;58;57;71;48;2;63;62;78m▄[38;2;61;62;82;48;2;94;95;118m▄[38;2;96;98;120;48;2;93;95;120m▄[38;2;94;96;119;48;2;91;93;118m▄[38;2;93;95;118;48;2;96;98;123m▄[48;2;93;95;120m▄  [38;2;96;95;121;48;2;97;94;121m▄[38;2;107;104;131;48;2;181;178;206m▄[38;2;198;195;224;48;2;196;193;222m▄[38;2;199;196;225;48;2;200;197;226m▄[48;2;199;194;226m [48;2;199;193;227m  [38;2;197;194;227;48;2;204;191;227m▄[38;2;199;193;227;48;2;197;195;227m▄[38;2;202;192;226;48;2;202;192;227m▄[38;2;200;193;223;48;2;203;193;220m▄[38;2;183;208;211;48;2;155;219;197m▄[38;2;69;151;106;48;2;37;174;94m▄[38;2;38;171;80;48;2;35;181;71m▄[38;2;29;183;68;48;2;41;172;70m▄[38;2;28;182;69;48;2;39;175;78m▄[38;2;31;179;77;48;2;33;178;75m▄[38;2;37;174;85;48;2;27;183;66m▄[38;2;44;170;87;48;2;30;180;70m▄[38;2;43;171;82;48;2;35;178;73m▄[38;2;38;176;76;48;2;33;178;78m▄[38;2;38;176;75m▄[38;2;38;175;75;48;2;33;178;79m▄[38;2;38;176;76;48;2;33;177;81m▄[38;2;35;177;77;48;2;29;179;79m▄[38;2;34;177;79;48;2;30;178;79m▄[38;2;35;177;79;48;2;36;175;81m▄[38;2;34;177;79;48;2;37;175;79m▄[38;2;35;177;78;48;2;36;177;76m▄[38;2;35;177;77;48;2;33;178;76m▄[48;2;46;171;74m▄[48;2;52;168;77m▄[48;2;52;169;75m▄[48;2;45;173;72m▄[48;2;38;175;80m▄[38;2;34;178;77;48;2;38;176;76m▄[38;2;33;178;75;48;2;38;175;78m▄[38;2;32;178;77;48;2;34;177;78m▄[38;2;31;178;79;48;2;29;180;77m▄[38;2;32;178;80;48;2;31;179;76m▄[38;2;34;177;80;48;2;34;178;73m▄[38;2;35;176;81;48;2;36;177;74m▄[48;2;33;179;72m▄[38;2;33;177;82;48;2;30;180;71m▄[38;2;35;176;82;48;2;36;177;73m▄[38;2;34;177;79;48;2;40;174;76m▄[38;2;32;180;73;48;2;36;176;77m▄[38;2;33;180;71;48;2;30;180;72m▄[38;2;37;174;74;48;2;34;180;79m▄[38;2;49;173;90;48;2;34;177;86m▄[38;2;98;173;134;48;2;46;168;96m▄[38;2;192;196;211;48;2;179;210;202m▄[38;2;199;190;231;48;2;196;191;227m▄[38;2;192;196;229;48;2;191;197;231m▄[38;2;203;193;221;48;2;198;195;223m▄[38;2;204;192;223;48;2;205;191;223m▄[38;2;193;196;227;48;2;198;194;226m▄[38;2;199;190;224;48;2;200;192;226m▄[38;2;201;194;227m▄[38;2;199;193;224;48;2;199;193;226m▄[38;2;200;197;226;48;2;202;198;229m▄[38;2;91;91;117;48;2;94;93;120m▄[38;2;92;92;116;48;2;96;96;121m▄[38;2;94;95;119;48;2;94;96;119m▄[38;2;96;94;118;48;2;96;94;116m▄[38;2;96;94;119;48;2;96;94;118m▄[48;2;96;93;120m [38;2;95;93;117m▄[38;2;99;97;118;48;2;97;95;118m▄[38;2;69;68;84;48;2;88;86;106m▄[38;2;57;56;71;48;2;61;60;76m▄[48;2;58;57;71m                 [38;2;58;57;71;48;2;58;58;70m▄[48;2;58;58;69m▄▄▄▄▄▄▄▄▄▄▄▄▄▄▄▄▄▄▄▄▄▄▄▄▄▄▄▄▄▄▄▄▄▄▄▄▄▄▄▄▄▄▄▄▄▄▄▄▄▄▄▄▄▄▄▄▄▄▄▄▄▄▄▄▄▄▄▄▄▄▄▄▄▄▄▄▄▄▄▄▄▄▄▄▄▄▄▄▄▄▄▄▄▄▄▄▄▄▄▄▄▄▄▄▄▄▄▄▄▄▄▄▄▄▄▄▄▄▄▄▄▄▄[48;2;58;58;70m▄[48;2;58;58;69m▄▄▄[48;2;58;58;70m▄▄▄[48;2;58;58;69m▄▄▄[48;2;58;58;70m▄▄▄▄▄▄▄▄▄▄▄▄▄▄▄▄▄▄▄▄▄▄▄▄▄▄▄▄▄▄▄▄[38;2;58;57;72;48;2;58;58;71m▄[38;2;59;58;72;48;2;59;59;70m▄[38;2;1;0;7;48;2;1;0;6m▄[48;2;0;0;1m [48;2;0;0;0m  [48;2;1;0;1m [48;2;0;0;1m [48;2;0;0;0m   [0m
[39;48;2;0;0;0m        [48;2;1;0;4m [48;2;60;58;69m [48;2;59;57;72m [48;2;58;57;73m [48;2;58;57;71m [48;2;58;58;70m [48;2;58;57;71m           [38;2;57;56;70;48;2;59;58;72m▄[38;2;58;57;71;48;2;57;56;70m▄[48;2;58;57;71m [38;2;56;58;71;48;2;57;59;75m▄[38;2;57;59;73;48;2;73;74;92m▄[38;2;76;77;94;48;2;95;96;117m▄[38;2;92;93;112m▄[38;2;94;95;116;48;2;94;94;118m▄[38;2;94;94;120;48;2;94;94;121m▄[48;2;94;94;122m [38;2;93;93;117;48;2;94;94;120m▄[38;2;97;97;121;48;2;103;100;127m▄[38;2;89;89;113;48;2;102;99;126m▄[38;2;96;94;120;48;2;197;194;223m▄[38;2;197;194;223;48;2;198;195;224m▄[38;2;199;195;225;48;2;199;194;226m▄[38;2;199;194;226;48;2;199;193;227m▄[38;2;198;194;226;48;2;194;196;227m▄[38;2;202;192;226;48;2;200;193;227m▄[38;2;199;194;227;48;2;202;192;227m▄[38;2;194;195;229;48;2;195;196;227m▄[38;2;200;185;222;48;2;203;195;222m▄[38;2;203;188;214;48;2;191;205;203m▄[38;2;171;215;205;48;2;60;158;105m▄[38;2;58;166;101;48;2;34;176;91m▄[38;2;40;173;80;48;2;33;176;85m▄[38;2;32;178;78;48;2;33;177;81m▄[38;2;29;181;77;48;2;36;176;78m▄[38;2;30;179;74;48;2;40;174;76m▄[38;2;32;177;75;48;2;40;175;76m▄[38;2;32;178;75;48;2;35;177;76m▄[38;2;29;180;76;48;2;35;177;74m▄[38;2;29;179;75;48;2;39;175;73m▄[38;2;33;178;73m▄[38;2;36;177;73;48;2;40;174;75m▄[38;2;37;176;75;48;2;38;176;77m▄[48;2;35;177;77m [48;2;32;178;79m [38;2;33;178;78;48;2;32;178;78m▄[48;2;35;177;77m      [38;2;32;178;78;48;2;37;176;76m▄[38;2;29;179;79;48;2;42;174;75m▄[38;2;33;178;76;48;2;42;173;77m▄[38;2;36;177;75m▄[38;2;38;176;75;48;2;39;174;79m▄[38;2;36;177;75;48;2;35;176;82m▄[38;2;34;177;76;48;2;32;177;84m▄[38;2;33;178;77;48;2;34;176;82m▄[38;2;35;177;76;48;2;38;175;80m▄[38;2;40;174;74;48;2;30;177;86m▄[38;2;35;179;72;48;2;29;178;86m▄[38;2;22;180;71;48;2;38;177;81m▄[38;2;35;176;88;48;2;42;173;75m▄[38;2;83;171;124;48;2;37;169;73m▄[38;2;187;221;218;48;2;62;173;102m▄[38;2;197;190;223;48;2;188;209;212m▄[38;2;209;197;236;48;2;211;198;229m▄[38;2;199;198;232;48;2;201;191;231m▄[38;2;198;195;223;48;2;198;195;226m▄[38;2;209;190;220;48;2;207;191;220m▄[38;2;201;191;224;48;2;202;193;224m▄[38;2;189;197;228;48;2;188;199;229m▄[38;2;198;193;225;48;2;196;189;222m▄[38;2;194;189;219;48;2;205;198;230m▄[38;2;99;96;123;48;2;203;198;228m▄[38;2;93;91;116;48;2;94;91;118m▄[38;2;99;99;123;48;2;93;93;117m▄[38;2;95;96;117m▄[38;2;96;97;118;48;2;97;97;121m▄[48;2;96;93;120m [38;2;96;94;118m▄[38;2;95;93;115;48;2;96;94;118m▄[38;2;64;63;81;48;2;100;98;120m▄[38;2;56;55;71;48;2;67;66;84m▄[38;2;57;57;69;48;2;56;55;70m▄[38;2;59;59;71;48;2;56;56;68m▄[48;2;58;57;71m                                                                                                                                                                                       [48;2;58;57;72m [48;2;59;58;72m [48;2;1;0;7m [48;2;0;0;1m [48;2;0;0;0m  [48;2;1;0;1m [48;2;0;0;1m [48;2;0;0;0m   [0m
[39;48;2;0;0;0m       [48;2;1;1;0m [48;2;0;0;4m [38;2;56;54;65;48;2;60;58;69m▄[38;2;59;57;72;48;2;58;57;71m▄[48;2;58;57;73m [48;2;58;57;71m [48;2;58;58;70m [48;2;58;57;71m              [38;2;57;57;70;48;2;59;60;72m▄[38;2;58;57;70;48;2;58;59;71m▄[38;2;58;57;71;48;2;54;55;69m▄[38;2;58;57;73;48;2;73;74;91m▄[38;2;59;58;75;48;2;93;94;113m▄[38;2;84;83;102;48;2;96;96;118m▄[38;2;96;94;115;48;2;94;94;117m▄[38;2;92;93;113;48;2;93;94;115m▄[38;2;94;96;116;48;2;95;96;117m▄[38;2;94;95;116;48;2;94;94;117m▄[38;2;92;92;114;48;2;95;95;119m▄[38;2;95;95;119;48;2;98;96;122m▄[38;2;94;92;119;48;2;167;164;193m▄[38;2;118;115;142;48;2;197;194;224m▄[38;2;189;181;214;48;2;203;192;226m▄[38;2;206;205;233;48;2;200;193;223m▄[38;2;193;197;220;48;2;196;197;225m▄[38;2;198;195;222;48;2;195;195;227m▄[38;2;189;188;221;48;2;196;192;229m▄[38;2;195;198;230;48;2;194;191;224m▄[38;2;200;188;219;48;2;200;199;220m▄[38;2;206;187;228;48;2;174;210;202m▄[38;2;196;195;231;48;2;103;182;141m▄[38;2;171;204;208;48;2;56;171;95m▄[38;2;135;203;171;48;2;34;179;72m▄[38;2;62;159;98;48;2;28;181;66m▄[38;2;44;163;79;48;2;27;179;72m▄[38;2;35;174;76;48;2;31;177;85m▄[38;2;37;173;82;48;2;29;178;85m▄[38;2;47;179;94;48;2;28;182;82m▄[38;2;41;179;85;48;2;32;183;80m▄[38;2;35;179;78;48;2;33;180;76m▄[38;2;33;178;73;48;2;35;178;73m▄[38;2;35;178;74;48;2;36;177;75m▄[38;2;36;177;76;48;2;35;177;77m▄[38;2;37;176;77;48;2;35;177;78m▄[48;2;35;177;77m      [38;2;35;177;78;48;2;34;177;79m▄[38;2;34;177;79;48;2;33;177;81m▄[38;2;30;179;77;48;2;34;177;77m▄[38;2;27;181;75;48;2;37;176;73m▄[38;2;26;183;79;48;2;38;174;70m▄[38;2;26;180;84;48;2;39;175;71m▄[38;2;30;179;91;48;2;40;175;74m▄[38;2;35;179;88;48;2;38;178;74m▄[38;2;40;167;77;48;2;31;179;72m▄[38;2;69;164;113;48;2;32;180;76m▄[38;2;139;191;181;48;2;40;178;83m▄[38;2;189;204;220;48;2;55;165;92m▄[38;2;198;195;218;48;2;116;180;147m▄[38;2;205;199;223;48;2;189;205;217m▄[38;2;203;198;224;48;2;200;189;230m▄[38;2;198;198;233;48;2;199;193;234m▄[38;2;200;201;231;48;2;196;195;231m▄[38;2;188;189;216;48;2;193;200;228m▄[38;2;197;195;223;48;2;194;193;219m▄[38;2;192;188;219;48;2;206;192;222m▄[38;2;159;153;184;48;2;203;191;225m▄[38;2;99;95;123;48;2;193;194;225m▄[38;2;94;94;120;48;2;161;159;187m▄[38;2;95;95;120;48;2;96;94;122m▄[38;2;92;92;116;48;2;95;93;119m▄[38;2;93;94;115;48;2;94;94;118m▄[38;2;96;97;117;48;2;95;96;117m▄[38;2;92;93;113;48;2;93;94;115m▄[38;2;92;93;112;48;2;94;95;116m▄[38;2;74;72;91;48;2;95;93;116m▄[38;2;63;62;79;48;2;96;94;116m▄[38;2;52;51;65;48;2;70;68;87m▄[38;2;59;59;71;48;2;57;56;72m▄[48;2;58;57;71m [38;2;58;57;73;48;2;58;58;70m▄[38;2;58;57;74;48;2;58;57;71m▄                                                                                                                                                                                       [48;2;58;57;72m [48;2;59;58;72m [48;2;1;0;7m [48;2;0;0;1m [48;2;0;0;0m  [48;2;1;0;1m [48;2;0;0;1m [48;2;0;0;0m   [0m
[39;48;2;0;0;0m       [38;2;1;1;1;48;2;1;1;0m▄[38;2;6;6;8;48;2;5;5;9m▄[38;2;57;56;62;48;2;59;57;68m▄[38;2;60;59;68;48;2;57;55;69m▄[38;2;59;57;69;48;2;58;57;73m▄[38;2;60;58;72;48;2;58;57;71m▄[38;2;58;55;72;48;2;58;58;70m▄[38;2;59;57;71;48;2;58;57;71m▄[38;2;62;60;73m▄[38;2;60;58;72m▄[38;2;57;56;70m▄            [38;2;58;57;71;48;2;57;56;70m▄▄[48;2;58;57;71m [48;2;63;62;76m▄[48;2;54;53;69m▄[38;2;58;57;72;48;2;56;57;75m▄[48;2;83;86;105m▄[48;2;94;97;116m▄[48;2;96;97;118m▄[48;2;90;90;114m▄[48;2;99;98;123m▄[38;2;58;57;73;48;2;100;97;124m▄[38;2;60;60;77;48;2;90;90;120m▄[38;2;56;57;72;48;2;93;97;122m▄[38;2;56;56;71;48;2;99;103;123m▄[38;2;77;75;91;48;2;197;192;217m▄[38;2;87;84;102;48;2;201;191;225m▄[38;2;86;85;102;48;2;202;197;229m▄[38;2;85;85;101;48;2;197;196;223m▄[38;2;86;85;103;48;2;205;202;227m▄[38;2;86;84;105;48;2;196;193;222m▄[38;2;86;84;106;48;2;197;196;230m▄[38;2;86;84;107;48;2;191;191;223m▄[38;2;85;83;106;48;2;196;204;228m▄[38;2;161;162;183;48;2;169;196;199m▄[38;2;160;162;181;48;2;163;215;195m▄[38;2;157;165;177;48;2;85;163;117m▄[38;2;154;168;173;48;2;60;160;91m▄[38;2;151;169;172;48;2;42;160;78m▄[38;2;148;171;170;48;2;39;175;80m▄[38;2;142;170;167;48;2;32;179;74m▄[38;2;144;175;172;48;2;32;179;73m▄[38;2;149;178;174;48;2;35;177;75m▄[38;2;73;129;98;48;2;36;176;77m▄[38;2;54;139;79;48;2;35;177;77m▄[38;2;52;140;77m▄[38;2;52;140;78m▄[38;2;56;140;82m▄[38;2;56;134;83m▄[38;2;71;140;97m▄[38;2;136;187;161;48;2;35;177;74m▄[38;2;148;172;169;48;2;35;178;73m▄[38;2;148;172;170;48;2;36;177;75m▄[38;2;149;170;172;48;2;40;174;79m▄[38;2;152;169;173;48;2;52;164;89m▄[38;2;157;166;175;48;2;63;147;95m▄[38;2;161;164;178;48;2;98;155;123m▄[38;2;164;162;180;48;2;174;212;198m▄[38;2;160;156;179;48;2;181;200;207m▄[38;2;88;84;106;48;2;199;202;224m▄[38;2;94;91;113;48;2;201;197;224m▄[38;2;85;85;105;48;2;190;193;216m▄[38;2;84;85;105;48;2;189;195;218m▄[38;2;86;84;107;48;2;197;197;228m▄[38;2;87;84;107;48;2;203;196;234m▄[38;2;85;84;101;48;2;203;199;229m▄[38;2;87;85;101;48;2;202;195;221m▄[38;2;69;67;83;48;2;209;196;224m▄[38;2;58;57;74;48;2;106;101;131m▄[38;2;57;57;74;48;2;86;91;121m▄[48;2;91;94;120m▄[38;2;58;57;72;48;2;97;91;117m▄[38;2;57;58;72;48;2;89;91;116m▄[38;2;58;57;72;48;2;100;101;124m▄[48;2;93;94;116m▄[48;2;96;97;117m▄[48;2;66;67;87m▄[48;2;52;53;71m▄[38;2;58;57;71;48;2;55;56;74m▄[48;2;57;56;72m▄[48;2;60;59;73m▄[48;2;59;59;71m▄[48;2;58;58;70m▄[48;2;58;57;71m [38;2;58;57;72;48;2;58;57;76m▄[48;2;58;56;77m▄[48;2;58;57;71m                                                                                                                                                                                       [48;2;58;57;72m [48;2;59;58;72m [48;2;1;0;7m [48;2;0;0;1m [48;2;0;0;0m  [48;2;1;0;1m [48;2;0;0;1m [48;2;0;0;0m   [0m
[39;48;2;0;0;0m       [38;2;1;1;3;48;2;1;1;1m▄[38;2;2;2;4;48;2;0;0;2m▄[38;2;0;0;2;48;2;8;8;12m▄[38;2;1;0;5;48;2;25;24;31m▄[38;2;2;2;5;48;2;57;56;65m▄[38;2;0;0;5;48;2;58;56;68m▄[38;2;3;2;7;48;2;59;57;70m▄[38;2;4;4;7;48;2;61;60;70m▄[38;2;0;0;4;48;2;59;57;67m▄[38;2;13;12;19;48;2;60;58;70m▄[38;2;54;53;62;48;2;62;60;73m▄[38;2;58;58;70;48;2;58;57;71m▄[48;2;58;57;72m [48;2;58;57;73m [48;2;58;57;71m                     [38;2;55;54;68;48;2;60;59;73m▄[48;2;59;58;72m [38;2;57;56;70;48;2;60;59;73m▄[38;2;58;57;71;48;2;56;55;69m▄[48;2;58;57;71m   [38;2;58;57;72;48;2;58;57;73m▄[38;2;58;57;73;48;2;58;57;75m▄▄▄[38;2;60;59;75m▄[38;2;64;63;79;48;2;60;59;77m▄[38;2;61;60;76m▄[38;2;58;56;73;48;2;58;55;74m▄[38;2;58;55;72;48;2;60;55;75m▄[48;2;59;56;75m▄[38;2;57;56;72;48;2;58;57;75m▄[38;2;56;58;73;48;2;55;56;74m▄[38;2;53;55;70;48;2;59;60;78m▄[38;2;55;58;73;48;2;54;57;74m▄[38;2;57;60;70;48;2;55;57;77m▄[38;2;55;58;62;48;2;56;55;76m▄[38;2;52;60;62;48;2;54;56;76m▄[38;2;51;61;60;48;2;53;57;76m▄[38;2;48;58;58;48;2;55;58;79m▄[38;2;53;60;64;48;2;59;54;82m▄[38;2;62;64;70;48;2;63;51;86m▄[38;2;58;57;69;48;2;62;52;81m▄[38;2;57;56;72;48;2;58;57;75m▄▄▄▄▄▄[48;2;59;58;76m▄[38;2;60;59;75;48;2;57;56;74m▄[48;2;56;55;73m▄[48;2;55;54;72m▄[38;2;58;57;73;48;2;58;57;75m▄▄▄[48;2;58;57;73m [38;2;57;56;70;48;2;59;58;72m▄[48;2;58;57;71m▄[38;2;59;58;72m▄                                                                                                                                                                                                         [48;2;58;57;72m [48;2;59;58;72m [48;2;1;0;7m [48;2;0;0;1m [48;2;0;0;0m  [48;2;1;0;1m [48;2;0;0;1m [48;2;0;0;0m   [0m
[39;48;2;0;0;0m       [38;2;0;0;1;48;2;0;0;2m▄[48;2;2;2;4m▄[38;2;0;0;0;48;2;1;1;3m▄[48;2;1;1;2m▄[48;2;0;0;0m   [38;2;0;1;0m▄[38;2;0;0;0;48;2;1;1;0m▄[48;2;7;7;9m▄[38;2;10;10;14;48;2;17;16;23m▄[38;2;58;58;68;48;2;58;58;69m▄[38;2;58;57;71;48;2;58;57;72m▄[38;2;58;57;73;48;2;58;57;75m▄[48;2;58;57;71m                     [38;2;58;57;71;48;2;61;60;74m▄[48;2;55;54;68m▄[48;2;58;57;71m [48;2;60;59;73m▄[48;2;58;57;71m    [38;2;58;58;70m▄▄▄[48;2;53;52;66m▄[48;2;59;58;72m▄[48;2;60;59;73m▄[48;2;59;57;71m▄▄[48;2;58;57;71m▄▄▄[38;2;57;58;70;48;2;57;59;72m▄[48;2;56;58;71m▄[38;2;57;58;71;48;2;61;58;73m▄[38;2;57;58;73;48;2;63;54;73m▄[38;2;56;58;73;48;2;61;55;73m▄[38;2;55;58;73;48;2;59;56;72m▄[38;2;54;59;73;48;2;57;56;70m▄[38;2;54;59;71;48;2;60;59;72m▄[38;2;54;59;70;48;2;60;57;71m▄[38;2;56;58;70;48;2;63;60;74m▄[38;2;58;58;70;48;2;58;57;71m▄▄▄▄▄▄[48;2;57;56;70m▄[48;2;60;59;73m▄[48;2;58;57;71m▄[48;2;61;60;74m▄[48;2;58;57;71m▄▄▄▄[38;2;58;57;71;48;2;59;58;72m▄▄[48;2;58;57;71m                                                                                                                                                                                                          [48;2;58;57;72m [48;2;59;58;72m [48;2;1;0;7m [48;2;0;0;1m [48;2;0;0;0m  [48;2;1;0;1m [48;2;0;0;1m [48;2;0;0;0m   [0m
[39;48;2;0;0;0m          [38;2;0;0;1m▄[38;2;0;0;2m▄[38;2;0;0;4m▄[48;2;0;0;1m▄[38;2;0;0;2;48;2;0;0;0m▄▄[38;2;0;0;4;48;2;0;0;2m▄[48;2;10;10;15m [48;2;58;58;68m [38;2;58;58;70;48;2;58;57;71m▄[38;2;58;57;71;48;2;58;57;72m▄[48;2;58;57;71m                            [38;2;58;57;72m▄[38;2;58;57;73m▄▄▄▄▄▄[38;2;57;58;73;48;2;57;57;71m▄[38;2;56;58;73;48;2;57;58;71m▄[48;2;58;57;71m▄[38;2;58;57;73m▄▄▄▄[38;2;58;58;68;48;2;57;57;71m▄[38;2;58;58;66;48;2;57;58;72m▄[38;2;59;57;68;48;2;57;57;74m▄[38;2;60;56;71;48;2;58;57;76m▄[48;2;58;57;75m▄[48;2;57;57;73m▄[38;2;60;56;70;48;2;56;58;72m▄[38;2;59;57;70;48;2;57;58;71m▄[38;2;58;57;73;48;2;58;57;71m▄▄▄▄▄▄▄▄▄▄▄▄▄▄                                                                                                                                                                                                            [48;2;58;57;72m [48;2;59;58;72m [48;2;1;0;7m [48;2;0;0;1m [48;2;0;0;0m  [48;2;1;0;1m [48;2;0;0;1m [48;2;0;0;0m   [0m
[39;48;2;0;0;0m             [38;2;0;0;0;48;2;0;0;1m▄[48;2;0;0;0m  [48;2;0;0;1m▄[38;2;10;10;14;48;2;10;10;15m▄[38;2;58;57;66;48;2;58;57;67m▄[38;2;61;59;71;48;2;58;56;70m▄[38;2;63;61;75;48;2;54;51;68m▄[38;2;58;58;70;48;2;58;57;71m▄ [38;2;58;57;71;48;2;58;57;73m▄[38;2;58;57;72m▄  [48;2;58;57;71m                                     [38;2;58;57;71;48;2;58;58;70m▄▄[48;2;59;57;71m▄▄▄▄▄[48;2;58;57;71m                                   [38;2;58;57;72;48;2;58;58;70m▄▄▄[38;2;58;57;73m▄▄▄[38;2;58;57;72m▄▄▄▄[38;2;58;57;73m▄▄▄▄[38;2;58;57;72m▄▄▄▄[38;2;58;57;73m▄▄▄[38;2;58;57;72m▄▄▄▄[38;2;58;57;73m▄▄▄▄[38;2;58;57;72m▄▄▄▄[38;2;58;57;73m▄▄▄[38;2;58;57;72m▄▄▄▄[38;2;58;57;73m▄▄▄▄[38;2;58;57;72m▄▄▄▄[38;2;58;57;73m▄▄▄[38;2;58;57;72m▄▄▄▄[38;2;58;57;73m▄▄▄▄[38;2;58;57;72m▄▄▄▄[38;2;58;57;73m▄▄▄[38;2;58;57;72m▄▄▄▄[38;2;58;57;73m▄▄▄▄[38;2;58;57;72m▄▄▄▄[38;2;58;57;73m▄▄▄[38;2;58;57;72m▄▄▄▄[38;2;58;57;73m▄▄▄▄[38;2;58;57;72m▄▄▄▄[38;2;58;57;73m▄▄▄[38;2;58;57;72m▄▄▄▄[38;2;58;57;73m▄▄▄▄[38;2;58;57;72m▄▄▄▄[38;2;58;57;73m▄▄▄[38;2;58;57;72m▄▄▄▄[38;2;58;57;73m▄▄▄▄[38;2;58;57;72m▄▄▄▄[38;2;58;57;73m▄▄▄[38;2;58;57;72m▄▄▄▄[38;2;58;57;73m▄▄▄▄[38;2;58;57;72m▄▄▄▄[38;2;58;57;73m▄▄▄[38;2;58;57;72m▄▄▄▄[38;2;58;57;73m▄▄▄▄[38;2;58;57;72m▄▄▄▄[38;2;58;57;73m▄▄▄[38;2;58;57;72m▄▄▄▄[38;2;58;57;73m▄▄▄▄[38;2;58;57;72m▄▄▄▄[38;2;58;57;73m▄▄▄[38;2;58;57;72m▄▄▄▄[38;2;58;57;73m▄▄▄▄[38;2;58;57;72m▄▄▄▄[38;2;59;58;72;48;2;57;56;69m▄[38;2;62;60;70;48;2;54;52;64m▄[38;2;1;1;5;48;2;2;2;7m▄[38;2;0;0;0;48;2;2;2;1m▄[48;2;0;1;0m [48;2;0;0;0m [48;2;0;0;3m [38;2;0;0;2;48;2;0;0;1m▄[48;2;0;0;0m   [0m
[39;48;2;0;0;0m                 [38;2;1;1;3;48;2;1;0;5m▄[38;2;2;2;6;48;2;57;56;63m▄[38;2;0;0;5;48;2;58;56;67m▄[38;2;67;66;74;48;2;59;57;68m▄[38;2;54;54;62;48;2;58;58;70m▄[48;2;58;58;69m▄[38;2;54;55;61m▄[38;2;54;54;62;48;2;58;58;70m▄[38;2;58;58;68m▄[38;2;58;58;70;48;2;58;57;71m▄                                                                              ▄[38;2;58;58;68;48;2;58;57;73m▄[38;2;55;55;64m▄[38;2;54;54;64m▄▄▄▄▄▄▄▄▄▄▄▄▄▄▄▄▄▄▄▄▄▄▄▄▄▄▄▄▄▄▄▄▄▄▄▄▄▄▄▄▄▄▄▄▄▄▄▄▄▄▄▄▄▄▄▄▄▄▄▄▄▄▄▄▄▄▄▄▄▄▄▄▄▄▄▄▄▄▄▄▄▄▄▄▄▄▄▄▄▄▄▄▄▄▄▄▄▄▄▄▄▄▄▄▄▄▄▄▄▄▄▄▄▄▄▄▄▄▄▄▄▄▄▄▄▄▄▄▄▄▄▄▄▄▄▄▄▄▄▄▄▄▄▄▄▄▄▄▄▄▄▄▄▄▄▄▄▄▄▄▄▄▄▄▄▄▄▄▄▄▄▄▄▄▄▄▄▄▄▄▄[38;2;18;17;23;48;2;63;61;74m▄[38;2;0;0;4;48;2;51;50;56m▄[38;2;0;0;2;48;2;4;4;6m▄[38;2;1;1;1;48;2;1;1;0m▄[48;2;0;0;0m  [38;2;0;0;1;48;2;0;0;3m▄[48;2;0;0;1m [48;2;0;0;0m   [0m
[39;48;2;0;0;0m                 [38;2;0;0;0;48;2;0;0;1m▄▄[48;2;0;0;3m▄▄[38;2;0;0;2;48;2;0;0;4m▄[38;2;0;0;1m▄[38;2;0;0;0;48;2;0;0;2m▄[48;2;0;0;3m▄[38;2;4;4;6;48;2;3;2;8m▄[38;2;38;37;44;48;2;60;59;69m▄[38;2;56;54;67;48;2;59;57;71m▄[48;2;58;57;71m                                                                             [38;2;58;58;69;48;2;58;58;70m▄[38;2;0;0;1;48;2;9;9;11m▄[38;2;1;1;1;48;2;1;1;3m▄[48;2;0;0;1m▄[38;2;0;0;0;48;2;2;2;3m▄[48;2;0;0;1m▄▄▄▄▄▄▄▄▄▄▄▄▄▄▄▄▄▄▄▄▄▄▄▄▄▄▄▄▄▄▄▄▄▄▄▄▄▄▄▄▄▄▄▄▄▄▄▄▄▄▄▄▄▄▄▄▄▄▄▄▄▄▄▄▄▄▄▄▄▄▄▄▄▄▄▄▄▄▄▄▄▄▄▄▄▄▄▄▄▄▄▄▄▄▄▄▄▄▄▄▄▄▄▄▄▄▄▄▄▄▄▄▄▄▄▄▄▄▄▄▄▄▄▄▄▄▄▄▄▄▄▄▄▄▄▄▄▄▄▄▄▄▄▄▄▄▄▄▄▄▄▄▄▄▄▄▄▄▄▄▄▄▄▄▄▄▄▄▄▄▄▄▄▄▄▄▄▄▄▄▄[48;2;0;0;0m     [48;2;0;0;1m▄[48;2;0;0;0m   [0m
[39;48;2;0;0;0m              [38;2;0;0;0;48;2;0;0;2m▄▄[48;2;0;0;0m    [48;2;0;1;0m▄[38;2;0;0;2;48;2;0;0;0m▄[38;2;0;0;1m▄[38;2;0;0;0;48;2;0;1;0m▄▄[38;2;0;0;1;48;2;1;1;1m▄[38;2;33;31;40;48;2;30;29;36m▄[38;2;58;56;70;48;2;61;59;72m▄[48;2;58;57;71m [38;2;58;58;70m▄▄▄▄▄▄                                                           [38;2;58;57;72m▄[38;2;58;57;73m▄▄▄[38;2;58;57;72m▄[38;2;58;58;70m▄▄▄▄▄▄[48;2;58;58;69m [38;2;0;0;0;48;2;0;0;2m▄▄[48;2;3;3;5m▄[48;2;0;0;2m▄▄▄▄▄▄▄▄▄▄▄▄▄▄▄▄▄▄▄▄▄▄▄▄▄▄▄▄▄▄▄▄▄▄▄▄▄▄▄▄▄▄▄▄▄▄▄▄▄▄▄▄▄▄▄▄▄▄▄▄▄▄▄▄▄▄▄▄▄▄▄▄▄▄▄▄▄▄▄▄▄▄▄▄▄▄▄▄▄▄▄▄▄▄▄▄▄▄▄▄▄▄▄▄▄▄▄▄▄▄▄▄▄▄▄▄▄▄▄▄▄▄▄▄▄▄▄▄▄▄▄▄▄▄▄▄▄▄▄▄▄▄▄▄▄▄▄▄▄▄▄▄▄▄▄▄▄▄▄▄▄▄▄▄▄▄▄▄▄▄▄▄▄▄▄▄▄▄▄▄[48;2;0;0;0m    [48;2;0;0;2m▄[48;2;0;0;0m      [0m
[39;48;2;0;0;0m                     [38;2;0;0;2;48;2;0;0;3m▄[38;2;0;0;0;48;2;0;0;1m▄[48;2;0;0;0m  [38;2;0;0;2;48;2;0;0;3m▄[38;2;33;32;39;48;2;33;31;40m▄[38;2;58;56;69;48;2;58;56;71m▄[48;2;58;57;71m [38;2;58;57;73m▄▄▄▄▄▄                                                           [38;2;58;57;71;48;2;58;57;72m▄[48;2;58;57;73m▄▄▄▄[38;2;58;57;73;48;2;58;57;71m▄▄▄▄▄▄[38;2;58;58;71;48;2;58;58;69m▄[48;2;0;0;0m                                                                                                                                                                                                  [0m
[39;48;2;0;0;0m                     [38;2;0;0;0;48;2;0;0;2m▄[48;2;0;0;0m   [48;2;0;0;3m [38;2;2;1;6;48;2;32;31;36m▄[38;2;58;57;63;48;2;58;57;65m▄[38;2;58;58;69;48;2;58;57;71m▄[38;2;58;57;70;48;2;58;57;73m▄▄[38;2;58;58;69m▄[38;2;59;59;71m▄[38;2;57;57;69m▄[38;2;61;60;73m▄[48;2;58;57;71m                                                         [48;2;58;57;73m [48;2;58;57;72m [48;2;58;57;71m [38;2;57;57;69m▄[38;2;61;61;73m▄[38;2;60;60;71m▄[38;2;57;57;69;48;2;58;58;70m▄[38;2;59;57;69;48;2;58;57;73m▄▄▄[38;2;62;60;72m▄[38;2;59;57;70m▄▄[38;2;15;15;25;48;2;57;57;70m▄[48;2;0;0;0m                                                                                                                                                                                                  [0m
[39;48;2;0;0;0m                        [38;2;0;0;2;48;2;0;0;1m▄[48;2;1;1;3m [38;2;0;0;1;48;2;2;2;4m▄[48;2;7;7;10m▄[38;2;0;0;2;48;2;24;24;30m▄▄▄▄[38;2;1;1;3;48;2;26;26;33m▄[38;2;5;6;8;48;2;26;26;32m▄[38;2;1;1;3;48;2;55;56;62m▄[48;2;58;58;70m [48;2;58;57;71m                                                        [48;2;58;57;73m [48;2;58;57;72m [38;2;58;58;70;48;2;58;57;71m▄[38;2;63;63;75;48;2;59;59;71m▄[38;2;53;53;63;48;2;61;61;71m▄[38;2;28;28;36;48;2;53;53;62m▄[38;2;1;2;8;48;2;31;31;39m▄[38;2;0;0;0;48;2;24;24;29m▄▄▄[38;2;0;0;1;48;2;25;24;29m▄[38;2;1;1;1;48;2;31;30;35m▄[38;2;5;5;6;48;2;4;3;8m▄[38;2;0;0;0;48;2;2;2;5m▄[48;2;0;0;0m                                                                                                                                                                                                  [0m
[39;48;2;0;0;0m                                   [48;2;56;56;68m [48;2;58;57;73m  [48;2;58;57;71m  [48;2;58;58;70m  [48;2;58;57;71m                                                  [38;2;58;58;70m▄[48;2;58;57;72m [48;2;58;57;73m [48;2;59;57;71m [38;2;59;58;67;48;2;59;58;68m▄[38;2;0;0;2;48;2;0;0;3m▄[48;2;0;0;0m                                                                                                                                                                                                          [0m
[39;48;2;0;0;0m                                   [38;2;56;56;66;48;2;56;56;68m▄[38;2;58;57;71;48;2;58;57;73m▄[48;2;58;57;71m   [48;2;58;58;70m▄▄[48;2;58;57;71m                                                  [48;2;58;58;70m [48;2;58;57;72m [48;2;58;57;73m [48;2;59;57;71m [48;2;59;58;67m [48;2;0;0;2m [48;2;0;0;0m                                                                                                                                                                                                          [0m
[39;48;2;0;0;0m                                   [38;2;26;26;36;48;2;56;56;65m▄[38;2;56;56;68;48;2;56;55;68m▄[38;2;55;55;67;48;2;60;59;73m▄[38;2;57;56;70m▄[48;2;58;57;71m [38;2;58;57;72m▄[38;2;58;57;73;48;2;58;57;72m▄[48;2;58;57;71m                                                  [48;2;58;58;70m [48;2;58;57;72m [48;2;58;57;73m [38;2;59;57;71;48;2;60;58;72m▄[38;2;52;51;60;48;2;61;59;69m▄[38;2;4;4;6;48;2;2;2;4m▄[38;2;1;1;0;48;2;1;1;1m▄[48;2;0;0;0m                                                                                                                                                                                                         [0m
[39;48;2;0;0;0m                                   [38;2;0;0;2;48;2;1;1;8m▄[48;2;52;52;64m▄[38;2;0;0;4;48;2;57;57;69m▄[48;2;58;57;71m▄▄[48;2;58;57;73m▄▄[48;2;58;57;71m▄▄▄▄▄▄▄▄▄▄▄▄▄▄▄▄▄▄▄▄▄▄▄▄▄▄▄▄▄▄▄▄▄▄▄▄▄▄▄▄▄▄▄▄▄▄▄▄▄▄[48;2;58;58;70m▄[48;2;58;57;72m▄[48;2;58;57;73m▄[48;2;49;47;61m▄[38;2;0;0;2;48;2;17;16;25m▄[38;2;0;0;0;48;2;2;2;4m▄[48;2;3;3;1m▄[48;2;0;0;0m                                                                                                                                                                                                         [0m
[39;48;2;0;0;0m                                                                                                                                                                                                                                                                                                            [0m
[39;48;2;0;0;0m                                                                                                                                                                                                                                                                                                            [0m
[39;48;2;0;0;0m                                                                                                                                                                                                                                                                                                            [0m
[39;48;2;0;0;0m                                                                                                                                                                                                                                                                                                            [0m
[0m
[0m
[0m
[0m
[0m