[49m    [38;2;61;18;14;49m▄[48;2;61;18;14m         [38;2;61;18;14;49m▄[49m    [m
[49m  [38;2;61;18;14;49m▄[48;2;61;18;14m             [38;2;61;18;14;49m▄[49m  [m
[49m [38;2;61;18;14;49m▄[48;2;61;18;14m   [38;2;255;201;14;48;2;61;18;14m▄[48;2;61;18;14m    [38;2;255;201;14;48;2;61;18;14m▄[48;2;61;18;14m       [49m [m
[49m [48;2;61;18;14m   [48;2;255;201;14m   [38;2;255;201;14;48;2;61;18;14m▄▄[48;2;255;201;14m  [38;2;255;201;14;48;2;61;18;14m▄▄[48;2;255;201;14m [38;2;255;201;14;48;2;61;18;14m▄[48;2;61;18;14m   [38;2;61;18;14;49m▄[m
[48;2;61;18;14m    [48;2;255;201;14m [38;2;0;0;0;48;2;255;201;14m▄▄[48;2;255;201;14m    [38;2;0;0;0;48;2;255;201;14m▄▄[48;2;255;201;14m  [38;2;255;201;14;48;2;61;18;14m▄[48;2;255;201;14m [48;2;61;18;14m  [m
[48;2;61;18;14m   [48;2;255;201;14m     [38;2;0;0;0;48;2;255;201;14m▄▄[48;2;255;201;14m     [38;2;61;18;14;48;2;255;201;14m▄[48;2;61;18;14m   [m
[38;2;63;21;17;48;2;61;18;14m▄[48;2;61;18;14m [38;2;63;21;17;48;2;61;18;14m▄[48;2;61;18;14m [38;2;61;18;14;48;2;255;201;14m▄▄[38;2;191;150;10;48;2;255;201;14m▄▄▄[48;2;255;201;14m  [38;2;191;150;10;48;2;255;201;14m▄[38;2;61;18;14;48;2;255;201;14m▄[48;2;61;18;14m   [38;2;63;21;17;48;2;61;18;14m▄[48;2;61;18;14m [38;2;63;21;17;48;2;61;18;14m▄[m
[49m [49;38;2;61;18;14m▀[49m [49;38;2;61;18;14m▀▀▀▀[38;2;63;21;17;48;2;61;18;14m▄[48;2;61;18;14m [38;2;140;93;14;48;2;255;201;14m▄▄[48;2;61;18;14m [38;2;63;21;17;48;2;61;18;14m▄▄[49;38;2;61;18;14m▀▀[49m [49;38;2;61;18;14m▀[49m [m
[49m   [38;2;61;18;14;49m▄[38;2;103;164;224;48;2;61;18;14m▄[48;2;61;18;14m [38;2;103;164;224;48;2;61;18;14m▄[48;2;103;164;224m  [38;2;103;164;224;48;2;61;18;14m▄▄▄[48;2;103;164;224m [38;2;103;164;224;48;2;61;18;14m▄[48;2;61;18;14m [38;2;103;164;224;48;2;61;18;14m▄[38;2;61;18;14;49m▄[49m  [m
[49m  [48;2;61;18;14m [38;2;61;18;14;48;2;103;164;224m▄[48;2;61;18;14m [38;2;103;164;224;48;2;230;7;248m▄▄▄▄▄▄▄▄▄[38;2;103;164;224;48;2;61;18;14m▄[48;2;61;18;14m [38;2;61;18;14;48;2;103;164;224m▄[48;2;61;18;14m [49m [m
[49m  [48;2;61;18;14m [48;2;255;201;14m  [48;2;61;18;14m [38;2;103;164;224;48;2;230;7;248m▄▄▄▄▄▄▄▄▄[48;2;61;18;14m [38;2;61;18;14;48;2;255;201;14m▄[48;2;61;18;14m [49m [m
[49m  [49;38;2;61;18;14m▀▀[48;2;61;18;14m [48;2;103;164;224m   [38;2;61;18;14;48;2;103;164;224m▄▄[48;2;61;18;14m   [38;2;61;18;14;48;2;103;164;224m▄[48;2;103;164;224m [48;2;61;18;14m [49m   [m
[49m     [48;2;61;18;14m [38;2;61;18;14;48;2;103;164;224m▄▄[48;2;61;18;14m [49m [48;2;61;18;14m    [49;38;2;61;18;14m▀[49m    [m
[49m      [49;38;2;61;18;14m▀[48;2;61;18;14m  [49m  [49;38;2;61;18;14m▀▀▀[49m     [m
[49m                   [m
