[49m                                        [m
[49m          [38;2;0;0;0;49m▄▄▄[48;2;0;0;0m     [38;2;0;0;0;49m▄▄▄▄[49m                  [m
[49m       [38;2;0;0;0;49m▄[48;2;0;0;0m   [38;2;252;201;13;48;2;0;0;0m▄[38;2;253;202;14;48;2;0;0;0m▄▄▄▄▄▄▄▄[38;2;79;63;4;48;2;0;0;0m▄[48;2;0;0;0m   [38;2;0;0;0;49m▄▄[49m              [m
[49m    [38;2;0;0;0;49m▄[48;2;0;0;0m   [38;2;253;202;14;48;2;0;0;0m▄[48;2;253;202;14m              [38;2;253;202;14;48;2;0;0;0m▄[38;2;217;173;12;48;2;0;0;0m▄[48;2;0;0;0m  [38;2;0;0;0;49m▄[49m            [m
[49m   [48;2;0;0;0m  [38;2;13;11;0;48;2;0;0;0m▄[38;2;253;202;14;48;2;74;59;4m▄[48;2;253;202;14m                   [38;2;253;202;14;48;2;0;0;0m▄[48;2;0;0;0m  [38;2;0;0;0;49m▄[49m          [m
[49m [38;2;0;0;0;49m▄[48;2;0;0;0m  [38;2;253;202;14;48;2;0;0;0m▄[48;2;253;202;14m                [48;2;0;0;0m [38;2;255;255;255;48;2;0;0;0m▄▄▄[38;2;0;0;0;48;2;233;186;13m▄[38;2;0;0;0;48;2;253;202;14m▄[48;2;253;202;14m [38;2;253;202;14;48;2;0;0;0m▄[48;2;0;0;0m  [38;2;0;0;0;49m▄[49m        [m
[49m [48;2;0;0;0m  [38;2;253;202;14;48;2;71;56;4m▄[48;2;253;202;14m        [38;2;106;85;6;48;2;253;202;14m▄[38;2;0;0;0;48;2;253;202;14m▄[38;2;0;0;0;48;2;130;104;7m▄[38;2;255;255;255;48;2;0;0;0m▄▄[38;2;105;105;105;48;2;0;0;0m▄[38;2;0;0;0;48;2;253;202;14m▄[48;2;253;202;14m  [38;2;11;9;0;48;2;0;0;0m▄[38;2;9;9;9;48;2;255;255;255m▄[48;2;255;255;255m  [38;2;0;0;0;48;2;255;255;255m▄[38;2;0;0;0;48;2;252;252;252m▄[48;2;0;0;0m  [38;2;0;0;0;48;2;134;107;7m▄[48;2;0;0;0m  [38;2;0;0;0;49m▄[49m       [m
[48;2;0;0;0m  [38;2;173;138;9;48;2;0;0;0m▄[48;2;253;202;14m    [38;2;0;0;0;48;2;253;202;14m▄▄[38;2;0;0;0;48;2;243;194;13m▄[38;2;0;0;0;48;2;3;2;0m▄[38;2;255;255;255;48;2;0;0;0m▄▄[48;2;255;255;255m     [48;2;0;0;0m [48;2;253;202;14m   [48;2;0;0;0m [38;2;0;0;0;48;2;255;255;255m▄[48;2;255;255;255m [38;2;255;255;255;48;2;0;0;0m▄▄▄[38;2;255;255;255;48;2;67;67;67m▄[48;2;255;255;255m [38;2;255;255;255;48;2;24;24;24m▄[48;2;0;0;0m  [49m       [m
[48;2;0;0;0m  [48;2;253;202;14m   [38;2;0;0;0;48;2;253;202;14m▄[38;2;253;253;253;48;2;0;0;0m▄[38;2;255;255;255;48;2;241;241;241m▄[48;2;255;255;255m  [38;2;182;182;182;48;2;255;255;255m▄[38;2;0;0;0;48;2;255;255;255m▄▄[38;2;251;251;251;48;2;255;255;255m▄[48;2;255;255;255m   [38;2;0;0;0;48;2;255;255;255m▄[38;2;253;202;14;48;2;0;0;0m▄[48;2;253;202;14m    [38;2;253;202;14;48;2;0;0;0m▄[48;2;0;0;0m [38;2;0;0;0;48;2;255;255;255m▄▄[48;2;255;255;255m    [48;2;0;0;0m  [49m       [m
[48;2;0;0;0m  [48;2;253;202;14m   [48;2;0;0;0m [48;2;255;255;255m    [48;2;0;0;0m  [38;2;255;255;255;48;2;0;0;0m▄[48;2;255;255;255m  [38;2;8;8;8;48;2;255;255;255m▄[48;2;0;0;0m [38;2;253;202;14;48;2;0;0;0m▄[48;2;253;202;14m        [38;2;253;202;14;48;2;29;23;1m▄[48;2;0;0;0m [48;2;255;255;255m   [48;2;0;0;0m  [49m       [m
[48;2;0;0;0m  [38;2;134;107;7;48;2;253;202;14m▄[48;2;253;202;14m  [38;2;253;202;14;48;2;0;0;0m▄[38;2;0;0;0;48;2;139;139;139m▄[38;2;0;0;0;48;2;255;255;255m▄[48;2;255;255;255m      [48;2;0;0;0m  [48;2;253;202;14m  [38;2;0;0;0;48;2;185;148;10m▄[38;2;0;0;0;48;2;253;202;14m▄▄▄▄▄▄[38;2;19;15;1;48;2;253;202;14m▄[48;2;253;202;14m [48;2;0;0;0m [48;2;255;255;255m  [38;2;0;0;0;48;2;255;255;255m▄[48;2;0;0;0m  [38;2;0;0;0;49m▄▄▄▄[49m   [m
[49;38;2;0;0;0m▀[48;2;0;0;0m  [48;2;253;202;14m    [38;2;253;202;14;48;2;112;89;6m▄[38;2;253;202;14;48;2;0;0;0m▄[48;2;0;0;0m [48;2;255;255;255m    [48;2;0;0;0m  [48;2;253;202;14m  [38;2;253;202;14;48;2;241;192;13m▄[48;2;0;0;0m [48;2;255;255;255m    [38;2;0;0;0;48;2;255;255;255m▄[38;2;246;196;13;48;2;0;0;0m▄[48;2;253;202;14m [48;2;0;0;0m [48;2;255;255;255m [38;2;0;0;0;48;2;255;255;255m▄[48;2;0;0;0m    [38;2;253;202;14;48;2;0;0;0m▄[38;2;249;198;14;48;2;0;0;0m▄[48;2;0;0;0m  [49m  [m
[49m [48;2;0;0;0m  [38;2;0;0;0;48;2;189;150;10m▄[48;2;253;202;14m     [48;2;0;0;0m [48;2;255;255;255m    [48;2;0;0;0m  [48;2;253;202;14m   [38;2;253;202;14;48;2;0;0;0m▄[48;2;0;0;0m [48;2;130;26;64m  [38;2;0;0;0;48;2;68;13;33m▄[38;2;253;202;14;48;2;0;0;0m▄[48;2;253;202;14m  [48;2;0;0;0m [38;2;0;0;0;48;2;255;255;255m▄[48;2;0;0;0m    [38;2;253;202;14;48;2;31;25;1m▄[48;2;253;202;14m  [48;2;0;0;0m  [49m  [m
[49m  [48;2;0;0;0m  [38;2;0;0;0;48;2;28;22;1m▄[48;2;253;202;14m    [48;2;0;0;0m [48;2;255;255;255m    [48;2;0;0;0m  [48;2;253;202;14m    [38;2;253;202;14;48;2;0;0;0m▄▄▄[48;2;253;202;14m   [38;2;0;0;0;48;2;253;202;14m▄[48;2;0;0;0m      [38;2;0;0;0;48;2;253;202;14m▄▄▄[48;2;0;0;0m  [38;2;0;0;0;49m▄[49m [m
[49m   [49;38;2;0;0;0m▀[48;2;0;0;0m  [38;2;0;0;0;48;2;253;202;14m▄[38;2;251;201;13;48;2;253;202;14m▄[48;2;253;202;14m [48;2;0;0;0m [48;2;255;255;255m    [48;2;0;0;0m  [48;2;253;202;14m       [38;2;18;14;0;48;2;253;202;14m▄[38;2;0;0;0;48;2;253;202;14m▄[48;2;0;0;0m  [49;38;2;0;0;0m▀[49m [48;2;0;0;0m  [38;2;249;199;13;48;2;253;202;14m▄[48;2;253;202;14m     [38;2;234;187;13;48;2;0;0;0m▄[48;2;0;0;0m  [m
[49m     [49;38;2;0;0;0m▀[48;2;0;0;0m    [48;2;255;255;255m    [48;2;0;0;0m [38;2;253;202;14;48;2;120;96;6m▄[48;2;253;202;14m  [38;2;0;0;0;48;2;253;202;14m▄▄▄[38;2;0;0;0;48;2;5;4;0m▄[48;2;0;0;0m   [49;38;2;0;0;0m▀[49m   [48;2;0;0;0m  [38;2;253;202;14;48;2;0;0;0m▄▄▄▄▄[48;2;253;202;14m  [48;2;0;0;0m  [m
[49m        [48;2;0;0;0m  [48;2;255;255;255m [38;2;198;198;198;48;2;255;255;255m▄[38;2;0;0;0;48;2;255;255;255m▄[48;2;0;0;0m      [49;38;2;0;0;0m▀▀▀[49m       [48;2;0;0;0m  [38;2;253;202;14;48;2;0;0;0m▄▄▄▄[48;2;253;202;14m  [38;2;0;0;0;48;2;252;201;14m▄[48;2;0;0;0m  [m
[49m        [48;2;0;0;0m     [49;38;2;0;0;0m▀[49m               [49;38;2;0;0;0m▀[48;2;0;0;0m        [49;38;2;0;0;0m▀[49m [m
[49m         [49;38;2;0;0;0m▀▀[49m                     [49;38;2;0;0;0m▀▀▀▀[49m    [m
[49m                                        [m
